2	2	2.16806e-47
2	4	2.39229e-47
2	6	2.40429e-47
2	8	2.40472e-47
2	10	2.40474e-47
2	12	2.40474e-47
2	14	2.40474e-47
2	16	2.40474e-47
2	18	2.40474e-47
2	20	2.40474e-47
2	22	2.40474e-47
2	24	2.40474e-47
2	26	2.40474e-47
2	28	2.40474e-47
2	30	2.40474e-47
2	32	2.40474e-47
2	34	2.40474e-47
2	36	2.40474e-47
2	38	2.40474e-47
2	40	2.40474e-47
2	42	2.40474e-47
2	44	2.40474e-47
2	46	2.40474e-47
2	48	2.40478e-47
2	50	2.41422e-47
2	52	4.57284e-47
2	54	4.77e-45
2	56	9.92987e-43
2	58	1.98194e-40
2	60	3.76618e-38
2	62	6.79806e-36
2	64	1.16268e-33
2	66	1.87899e-31
2	68	2.86051e-29
2	70	4.08808e-27
2	72	5.46336e-25
2	74	6.79732e-23
2	76	7.83327e-21
2	78	8.31213e-19
2	80	8.06559e-17
2	82	7.09795e-15
2	84	5.60879e-13
2	86	3.93095e-11
2	88	2.40574e-09
2	90	1.25975e-07
2	92	5.49004e-06
2	94	0.00019134
2	96	0.0050107
2	98	0.0882092
2	100	0.807773
2	102	0.890971
2	104	0.895791
2	106	0.895977
2	108	0.895982
2	110	0.895982
2	112	0.895982
2	114	0.895982
2	116	0.895982
2	118	0.895982
2	120	0.895982
2	122	0.895982
2	124	0.895982
2	126	0.895982
2	128	0.895982
2	130	0.895982
2	132	0.895982
2	134	0.895982
2	136	0.895982
2	138	0.895982
2	140	0.895982
2	142	0.895982
2	144	0.895982
2	146	0.895982
2	148	0.895982
2	150	0.895982
2	152	0.895982
2	154	0.895982
2	156	0.895982
2	158	0.895982
2	160	0.895982
2	162	0.895982
2	164	0.895982
2	166	0.895982
2	168	0.895982
2	170	0.895982
2	172	0.895982
2	174	0.895982
2	176	0.895982
2	178	0.895982
2	180	0.895982
2	182	0.895982
2	184	0.895982
2	186	0.895982
2	188	0.895976
2	190	0.895785
2	192	0.89078
2	194	0.802762
4	2	4.74596e-45
4	4	5.23805e-45
4	6	5.26445e-45
4	8	5.2654e-45
4	10	5.26543e-45
4	12	5.26543e-45
4	14	5.26543e-45
4	16	5.26543e-45
4	18	5.26543e-45
4	20	5.26543e-45
4	22	5.26543e-45
4	24	5.26543e-45
4	26	5.26543e-45
4	28	5.26543e-45
4	30	5.26543e-45
4	32	5.26543e-45
4	34	5.26543e-45
4	36	5.26543e-45
4	38	5.26543e-45
4	40	5.26543e-45
4	42	5.26543e-45
4	44	5.26543e-45
4	46	5.26543e-45
4	48	5.26543e-45
4	50	5.26553e-45
4	52	5.28935e-45
4	54	1.05035e-44
4	56	1.10145e-42
4	58	2.18853e-40
4	60	4.15964e-38
4	62	7.51003e-36
4	64	1.28475e-33
4	66	2.07676e-31
4	68	3.16234e-29
4	70	4.5205e-27
4	72	6.04266e-25
4	74	7.51984e-23
4	76	8.66795e-21
4	78	9.2e-19
4	80	8.92922e-17
4	82	7.85981e-15
4	84	6.21227e-13
4	86	4.35492e-11
4	88	2.66583e-09
4	90	1.39627e-07
4	92	6.08643e-06
4	94	0.000212175
4	96	0.00555759
4	98	0.0978592
4	100	0.896338
4	102	0.988639
4	104	0.993985
4	106	0.994191
4	108	0.994197
4	110	0.994197
4	112	0.994197
4	114	0.994197
4	116	0.994197
4	118	0.994197
4	120	0.994197
4	122	0.994197
4	124	0.994197
4	126	0.994197
4	128	0.994197
4	130	0.994197
4	132	0.994197
4	134	0.994197
4	136	0.994197
4	138	0.994197
4	140	0.994197
4	142	0.994197
4	144	0.994197
4	146	0.994197
4	148	0.994197
4	150	0.994197
4	152	0.994197
4	154	0.994197
4	156	0.994197
4	158	0.994197
4	160	0.994197
4	162	0.994197
4	164	0.994197
4	166	0.994197
4	168	0.994197
4	170	0.994197
4	172	0.994197
4	174	0.994197
4	176	0.994197
4	178	0.994197
4	180	0.994197
4	182	0.994197
4	184	0.994197
4	186	0.994197
4	188	0.994191
4	190	0.993979
4	192	0.988427
4	194	0.89078
6	2	9.92963e-43
6	4	1.09618e-42
6	6	1.10173e-42
6	8	1.10193e-42
6	10	1.10194e-42
6	12	1.10194e-42
6	14	1.10194e-42
6	16	1.10194e-42
6	18	1.10194e-42
6	20	1.10194e-42
6	22	1.10194e-42
6	24	1.10194e-42
6	26	1.10194e-42
6	28	1.10194e-42
6	30	1.10194e-42
6	32	1.10194e-42
6	34	1.10194e-42
6	36	1.10194e-42
6	38	1.10194e-42
6	40	1.10194e-42
6	42	1.10194e-42
6	44	1.10194e-42
6	46	1.10194e-42
6	48	1.10194e-42
6	50	1.10194e-42
6	52	1.10196e-42
6	54	1.1072e-42
6	56	2.20367e-42
6	58	2.21063e-40
6	60	4.18102e-38
6	62	7.54863e-36
6	64	1.29138e-33
6	66	2.08753e-31
6	68	3.17883e-29
6	70	4.54418e-27
6	72	6.07448e-25
6	74	7.55962e-23
6	76	8.71402e-21
6	78	9.24913e-19
6	80	8.97713e-17
6	82	7.90218e-15
6	84	6.24592e-13
6	86	4.37862e-11
6	88	2.68041e-09
6	90	1.40394e-07
6	92	6.12002e-06
6	94	0.000213352
6	96	0.00558855
6	98	0.0984067
6	100	0.901374
6	102	0.994192
6	104	0.999567
6	106	0.999774
6	108	0.99978
6	110	0.99978
6	112	0.99978
6	114	0.99978
6	116	0.99978
6	118	0.99978
6	120	0.99978
6	122	0.99978
6	124	0.99978
6	126	0.99978
6	128	0.99978
6	130	0.99978
6	132	0.99978
6	134	0.99978
6	136	0.99978
6	138	0.99978
6	140	0.99978
6	142	0.99978
6	144	0.99978
6	146	0.99978
6	148	0.99978
6	150	0.99978
6	152	0.99978
6	154	0.99978
6	156	0.99978
6	158	0.99978
6	160	0.99978
6	162	0.99978
6	164	0.99978
6	166	0.99978
6	168	0.99978
6	170	0.99978
6	172	0.99978
6	174	0.99978
6	176	0.99978
6	178	0.99978
6	180	0.99978
6	182	0.99978
6	184	0.99978
6	186	0.99978
6	188	0.999774
6	190	0.999561
6	192	0.993979
6	194	0.895785
8	2	1.98194e-40
8	4	2.18848e-40
8	6	2.19961e-40
8	8	2.20002e-40
8	10	2.20003e-40
8	12	2.20003e-40
8	14	2.20003e-40
8	16	2.20003e-40
8	18	2.20003e-40
8	20	2.20003e-40
8	22	2.20003e-40
8	24	2.20003e-40
8	26	2.20003e-40
8	28	2.20003e-40
8	30	2.20003e-40
8	32	2.20003e-40
8	34	2.20003e-40
8	36	2.20003e-40
8	38	2.20003e-40
8	40	2.20003e-40
8	42	2.20003e-40
8	44	2.20003e-40
8	46	2.20003e-40
8	48	2.20003e-40
8	50	2.20003e-40
8	52	2.20003e-40
8	54	2.20008e-40
8	56	2.21105e-40
8	58	4.40005e-40
8	60	4.20368e-38
8	62	7.55025e-36
8	64	1.29163e-33
8	66	2.08793e-31
8	68	3.17943e-29
8	70	4.54506e-27
8	72	6.07565e-25
8	74	7.56109e-23
8	76	8.71573e-21
8	78	9.25096e-19
8	80	8.97891e-17
8	82	7.90376e-15
8	84	6.24718e-13
8	86	4.37951e-11
8	88	2.68096e-09
8	90	1.40423e-07
8	92	6.12129e-06
8	94	0.000213396
8	96	0.00558972
8	98	0.0984276
8	100	0.901566
8	102	0.994404
8	104	0.99978
8	106	0.999988
8	108	0.999994
8	110	0.999994
8	112	0.999994
8	114	0.999994
8	116	0.999994
8	118	0.999994
8	120	0.999994
8	122	0.999994
8	124	0.999994
8	126	0.999994
8	128	0.999994
8	130	0.999994
8	132	0.999994
8	134	0.999994
8	136	0.999994
8	138	0.999994
8	140	0.999994
8	142	0.999994
8	144	0.999994
8	146	0.999994
8	148	0.999994
8	150	0.999994
8	152	0.999994
8	154	0.999994
8	156	0.999994
8	158	0.999994
8	160	0.999994
8	162	0.999994
8	164	0.999994
8	166	0.999994
8	168	0.999994
8	170	0.999994
8	172	0.999994
8	174	0.999994
8	176	0.999994
8	178	0.999994
8	180	0.999994
8	182	0.999994
8	184	0.999994
8	186	0.999994
8	188	0.999987
8	190	0.999774
8	192	0.994191
8	194	0.895976
10	2	3.76618e-38
10	4	4.15964e-38
10	6	4.18091e-38
10	8	4.18168e-38
10	10	4.1817e-38
10	12	4.1817e-38
10	14	4.1817e-38
10	16	4.1817e-38
10	18	4.1817e-38
10	20	4.1817e-38
10	22	4.1817e-38
10	24	4.1817e-38
10	26	4.1817e-38
10	28	4.1817e-38
10	30	4.1817e-38
10	32	4.1817e-38
10	34	4.1817e-38
10	36	4.1817e-38
10	38	4.1817e-38
10	40	4.1817e-38
10	42	4.1817e-38
10	44	4.1817e-38
10	46	4.1817e-38
10	48	4.1817e-38
10	50	4.1817e-38
10	52	4.1817e-38
10	54	4.1817e-38
10	56	4.18181e-38
10	58	4.2037e-38
10	60	8.36341e-38
10	62	7.59188e-36
10	64	1.29167e-33
10	66	2.08794e-31
10	68	3.17945e-29
10	70	4.54508e-27
10	72	6.07568e-25
10	74	7.56113e-23
10	76	8.71578e-21
10	78	9.25101e-19
10	80	8.97896e-17
10	82	7.90381e-15
10	84	6.24722e-13
10	86	4.37953e-11
10	88	2.68097e-09
10	90	1.40424e-07
10	92	6.12133e-06
10	94	0.000213397
10	96	0.00558976
10	98	0.0984282
10	100	0.901572
10	102	0.99441
10	104	0.999786
10	106	0.999994
10	108	1
10	110	1
10	112	1
10	114	1
10	116	1
10	118	1
10	120	1
10	122	1
10	124	1
10	126	1
10	128	1
10	130	1
10	132	1
10	134	1
10	136	1
10	138	1
10	140	1
10	142	1
10	144	1
10	146	1
10	148	1
10	150	1
10	152	1
10	154	1
10	156	1
10	158	1
10	160	1
10	162	1
10	164	1
10	166	1
10	168	1
10	170	1
10	172	1
10	174	1
10	176	1
10	178	1
10	180	1
10	182	1
10	184	1
10	186	1
10	188	0.999994
10	190	0.99978
10	192	0.994197
10	194	0.895982
12	2	6.79806e-36
12	4	7.51003e-36
12	6	7.54862e-36
12	8	7.55003e-36
12	10	7.55007e-36
12	12	7.55007e-36
12	14	7.55007e-36
12	16	7.55007e-36
12	18	7.55007e-36
12	20	7.55007e-36
12	22	7.55007e-36
12	24	7.55007e-36
12	26	7.55007e-36
12	28	7.55007e-36
12	30	7.55007e-36
12	32	7.55007e-36
12	34	7.55007e-36
12	36	7.55007e-36
12	38	7.55007e-36
12	40	7.55007e-36
12	42	7.55007e-36
12	44	7.55007e-36
12	46	7.55007e-36
12	48	7.55007e-36
12	50	7.55007e-36
12	52	7.55007e-36
12	54	7.55007e-36
12	56	7.55007e-36
12	58	7.55029e-36
12	60	7.59189e-36
12	62	1.51001e-35
12	64	1.29918e-33
12	66	2.08802e-31
12	68	3.17945e-29
12	70	4.54508e-27
12	72	6.07568e-25
12	74	7.56113e-23
12	76	8.71578e-21
12	78	9.25101e-19
12	80	8.97896e-17
12	82	7.90381e-15
12	84	6.24722e-13
12	86	4.37954e-11
12	88	2.68097e-09
12	90	1.40424e-07
12	92	6.12133e-06
12	94	0.000213397
12	96	0.00558976
12	98	0.0984282
12	100	0.901572
12	102	0.99441
12	104	0.999787
12	106	0.999994
12	108	1
12	110	1
12	112	1
12	114	1
12	116	1
12	118	1
12	120	1
12	122	1
12	124	1
12	126	1
12	128	1
12	130	1
12	132	1
12	134	1
12	136	1
12	138	1
12	140	1
12	142	1
12	144	1
12	146	1
12	148	1
12	150	1
12	152	1
12	154	1
12	156	1
12	158	1
12	160	1
12	162	1
12	164	1
12	166	1
12	168	1
12	170	1
12	172	1
12	174	1
12	176	1
12	178	1
12	180	1
12	182	1
12	184	1
12	186	1
12	188	0.999994
12	190	0.99978
12	192	0.994197
12	194	0.895982
14	2	1.16268e-33
14	4	1.28475e-33
14	6	1.29138e-33
14	8	1.29163e-33
14	10	1.29163e-33
14	12	1.29163e-33
14	14	1.29163e-33
14	16	1.29163e-33
14	18	1.29163e-33
14	20	1.29163e-33
14	22	1.29163e-33
14	24	1.29163e-33
14	26	1.29163e-33
14	28	1.29163e-33
14	30	1.29163e-33
14	32	1.29163e-33
14	34	1.29163e-33
14	36	1.29163e-33
14	38	1.29163e-33
14	40	1.29163e-33
14	42	1.29163e-33
14	44	1.29163e-33
14	46	1.29163e-33
14	48	1.29163e-33
14	50	1.29163e-33
14	52	1.29163e-33
14	54	1.29163e-33
14	56	1.29163e-33
14	58	1.29163e-33
14	60	1.29167e-33
14	62	1.29918e-33
14	64	2.58326e-33
14	66	2.10086e-31
14	68	3.17958e-29
14	70	4.54508e-27
14	72	6.07568e-25
14	74	7.56113e-23
14	76	8.71578e-21
14	78	9.25101e-19
14	80	8.97896e-17
14	82	7.90381e-15
14	84	6.24722e-13
14	86	4.37954e-11
14	88	2.68097e-09
14	90	1.40424e-07
14	92	6.12133e-06
14	94	0.000213397
14	96	0.00558976
14	98	0.0984282
14	100	0.901572
14	102	0.99441
14	104	0.999787
14	106	0.999994
14	108	1
14	110	1
14	112	1
14	114	1
14	116	1
14	118	1
14	120	1
14	122	1
14	124	1
14	126	1
14	128	1
14	130	1
14	132	1
14	134	1
14	136	1
14	138	1
14	140	1
14	142	1
14	144	1
14	146	1
14	148	1
14	150	1
14	152	1
14	154	1
14	156	1
14	158	1
14	160	1
14	162	1
14	164	1
14	166	1
14	168	1
14	170	1
14	172	1
14	174	1
14	176	1
14	178	1
14	180	1
14	182	1
14	184	1
14	186	1
14	188	0.999994
14	190	0.99978
14	192	0.994197
14	194	0.895982
16	2	1.87899e-31
16	4	2.07676e-31
16	6	2.08753e-31
16	8	2.08793e-31
16	10	2.08794e-31
16	12	2.08794e-31
16	14	2.08794e-31
16	16	2.08794e-31
16	18	2.08794e-31
16	20	2.08794e-31
16	22	2.08794e-31
16	24	2.08794e-31
16	26	2.08794e-31
16	28	2.08794e-31
16	30	2.08794e-31
16	32	2.08794e-31
16	34	2.08794e-31
16	36	2.08794e-31
16	38	2.08794e-31
16	40	2.08794e-31
16	42	2.08794e-31
16	44	2.08794e-31
16	46	2.08794e-31
16	48	2.08794e-31
16	50	2.08794e-31
16	52	2.08794e-31
16	54	2.08794e-31
16	56	2.08794e-31
16	58	2.08794e-31
16	60	2.08794e-31
16	62	2.08802e-31
16	64	2.10086e-31
16	66	4.17588e-31
16	68	3.20033e-29
16	70	4.54529e-27
16	72	6.07568e-25
16	74	7.56113e-23
16	76	8.71578e-21
16	78	9.25101e-19
16	80	8.97896e-17
16	82	7.90381e-15
16	84	6.24722e-13
16	86	4.37954e-11
16	88	2.68097e-09
16	90	1.40424e-07
16	92	6.12133e-06
16	94	0.000213397
16	96	0.00558976
16	98	0.0984282
16	100	0.901572
16	102	0.99441
16	104	0.999787
16	106	0.999994
16	108	1
16	110	1
16	112	1
16	114	1
16	116	1
16	118	1
16	120	1
16	122	1
16	124	1
16	126	1
16	128	1
16	130	1
16	132	1
16	134	1
16	136	1
16	138	1
16	140	1
16	142	1
16	144	1
16	146	1
16	148	1
16	150	1
16	152	1
16	154	1
16	156	1
16	158	1
16	160	1
16	162	1
16	164	1
16	166	1
16	168	1
16	170	1
16	172	1
16	174	1
16	176	1
16	178	1
16	180	1
16	182	1
16	184	1
16	186	1
16	188	0.999994
16	190	0.99978
16	192	0.994197
16	194	0.895982
18	2	2.86051e-29
18	4	3.16234e-29
18	6	3.17883e-29
18	8	3.17943e-29
18	10	3.17945e-29
18	12	3.17945e-29
18	14	3.17945e-29
18	16	3.17945e-29
18	18	3.17945e-29
18	20	3.17945e-29
18	22	3.17945e-29
18	24	3.17945e-29
18	26	3.17945e-29
18	28	3.17945e-29
18	30	3.17945e-29
18	32	3.17945e-29
18	34	3.17945e-29
18	36	3.17945e-29
18	38	3.17945e-29
18	40	3.17945e-29
18	42	3.17945e-29
18	44	3.17945e-29
18	46	3.17945e-29
18	48	3.17945e-29
18	50	3.17945e-29
18	52	3.17945e-29
18	54	3.17945e-29
18	56	3.17945e-29
18	58	3.17945e-29
18	60	3.17945e-29
18	62	3.17945e-29
18	64	3.17958e-29
18	66	3.20033e-29
18	68	6.3589e-29
18	70	4.57687e-27
18	72	6.076e-25
18	74	7.56114e-23
18	76	8.71578e-21
18	78	9.25101e-19
18	80	8.97896e-17
18	82	7.90381e-15
18	84	6.24722e-13
18	86	4.37954e-11
18	88	2.68097e-09
18	90	1.40424e-07
18	92	6.12133e-06
18	94	0.000213397
18	96	0.00558976
18	98	0.0984282
18	100	0.901572
18	102	0.99441
18	104	0.999787
18	106	0.999994
18	108	1
18	110	1
18	112	1
18	114	1
18	116	1
18	118	1
18	120	1
18	122	1
18	124	1
18	126	1
18	128	1
18	130	1
18	132	1
18	134	1
18	136	1
18	138	1
18	140	1
18	142	1
18	144	1
18	146	1
18	148	1
18	150	1
18	152	1
18	154	1
18	156	1
18	158	1
18	160	1
18	162	1
18	164	1
18	166	1
18	168	1
18	170	1
18	172	1
18	174	1
18	176	1
18	178	1
18	180	1
18	182	1
18	184	1
18	186	1
18	188	0.999994
18	190	0.99978
18	192	0.994197
18	194	0.895982
20	2	4.08808e-27
20	4	4.5205e-27
20	6	4.54418e-27
20	8	4.54506e-27
20	10	4.54508e-27
20	12	4.54508e-27
20	14	4.54508e-27
20	16	4.54508e-27
20	18	4.54508e-27
20	20	4.54508e-27
20	22	4.54508e-27
20	24	4.54508e-27
20	26	4.54508e-27
20	28	4.54508e-27
20	30	4.54508e-27
20	32	4.54508e-27
20	34	4.54508e-27
20	36	4.54508e-27
20	38	4.54508e-27
20	40	4.54508e-27
20	42	4.54508e-27
20	44	4.54508e-27
20	46	4.54508e-27
20	48	4.54508e-27
20	50	4.54508e-27
20	52	4.54508e-27
20	54	4.54508e-27
20	56	4.54508e-27
20	58	4.54508e-27
20	60	4.54508e-27
20	62	4.54508e-27
20	64	4.54508e-27
20	66	4.54529e-27
20	68	4.57687e-27
20	70	9.09016e-27
20	72	6.12113e-25
20	74	7.56159e-23
20	76	8.71578e-21
20	78	9.25101e-19
20	80	8.97896e-17
20	82	7.90381e-15
20	84	6.24722e-13
20	86	4.37954e-11
20	88	2.68097e-09
20	90	1.40424e-07
20	92	6.12133e-06
20	94	0.000213397
20	96	0.00558976
20	98	0.0984282
20	100	0.901572
20	102	0.99441
20	104	0.999787
20	106	0.999994
20	108	1
20	110	1
20	112	1
20	114	1
20	116	1
20	118	1
20	120	1
20	122	1
20	124	1
20	126	1
20	128	1
20	130	1
20	132	1
20	134	1
20	136	1
20	138	1
20	140	1
20	142	1
20	144	1
20	146	1
20	148	1
20	150	1
20	152	1
20	154	1
20	156	1
20	158	1
20	160	1
20	162	1
20	164	1
20	166	1
20	168	1
20	170	1
20	172	1
20	174	1
20	176	1
20	178	1
20	180	1
20	182	1
20	184	1
20	186	1
20	188	0.999994
20	190	0.99978
20	192	0.994197
20	194	0.895982
22	2	5.46336e-25
22	4	6.04266e-25
22	6	6.07448e-25
22	8	6.07565e-25
22	10	6.07568e-25
22	12	6.07568e-25
22	14	6.07568e-25
22	16	6.07568e-25
22	18	6.07568e-25
22	20	6.07568e-25
22	22	6.07568e-25
22	24	6.07568e-25
22	26	6.07568e-25
22	28	6.07568e-25
22	30	6.07568e-25
22	32	6.07568e-25
22	34	6.07568e-25
22	36	6.07568e-25
22	38	6.07568e-25
22	40	6.07568e-25
22	42	6.07568e-25
22	44	6.07568e-25
22	46	6.07568e-25
22	48	6.07568e-25
22	50	6.07568e-25
22	52	6.07568e-25
22	54	6.07568e-25
22	56	6.07568e-25
22	58	6.07568e-25
22	60	6.07568e-25
22	62	6.07568e-25
22	64	6.07568e-25
22	66	6.07568e-25
22	68	6.076e-25
22	70	6.12113e-25
22	72	1.21514e-24
22	74	7.62189e-23
22	76	8.71639e-21
22	78	9.25101e-19
22	80	8.97896e-17
22	82	7.90381e-15
22	84	6.24722e-13
22	86	4.37954e-11
22	88	2.68097e-09
22	90	1.40424e-07
22	92	6.12133e-06
22	94	0.000213397
22	96	0.00558976
22	98	0.0984282
22	100	0.901572
22	102	0.99441
22	104	0.999787
22	106	0.999994
22	108	1
22	110	1
22	112	1
22	114	1
22	116	1
22	118	1
22	120	1
22	122	1
22	124	1
22	126	1
22	128	1
22	130	1
22	132	1
22	134	1
22	136	1
22	138	1
22	140	1
22	142	1
22	144	1
22	146	1
22	148	1
22	150	1
22	152	1
22	154	1
22	156	1
22	158	1
22	160	1
22	162	1
22	164	1
22	166	1
22	168	1
22	170	1
22	172	1
22	174	1
22	176	1
22	178	1
22	180	1
22	182	1
22	184	1
22	186	1
22	188	0.999994
22	190	0.99978
22	192	0.994197
22	194	0.895982
24	2	6.79732e-23
24	4	7.51984e-23
24	6	7.55962e-23
24	8	7.56109e-23
24	10	7.56113e-23
24	12	7.56113e-23
24	14	7.56113e-23
24	16	7.56113e-23
24	18	7.56113e-23
24	20	7.56113e-23
24	22	7.56113e-23
24	24	7.56113e-23
24	26	7.56113e-23
24	28	7.56113e-23
24	30	7.56113e-23
24	32	7.56113e-23
24	34	7.56113e-23
24	36	7.56113e-23
24	38	7.56113e-23
24	40	7.56113e-23
24	42	7.56113e-23
24	44	7.56113e-23
24	46	7.56113e-23
24	48	7.56113e-23
24	50	7.56113e-23
24	52	7.56113e-23
24	54	7.56113e-23
24	56	7.56113e-23
24	58	7.56113e-23
24	60	7.56113e-23
24	62	7.56113e-23
24	64	7.56113e-23
24	66	7.56113e-23
24	68	7.56114e-23
24	70	7.56159e-23
24	72	7.62189e-23
24	74	1.51223e-22
24	76	8.79139e-21
24	78	9.25176e-19
24	80	8.97897e-17
24	82	7.90381e-15
24	84	6.24722e-13
24	86	4.37954e-11
24	88	2.68097e-09
24	90	1.40424e-07
24	92	6.12133e-06
24	94	0.000213397
24	96	0.00558976
24	98	0.0984282
24	100	0.901572
24	102	0.99441
24	104	0.999787
24	106	0.999994
24	108	1
24	110	1
24	112	1
24	114	1
24	116	1
24	118	1
24	120	1
24	122	1
24	124	1
24	126	1
24	128	1
24	130	1
24	132	1
24	134	1
24	136	1
24	138	1
24	140	1
24	142	1
24	144	1
24	146	1
24	148	1
24	150	1
24	152	1
24	154	1
24	156	1
24	158	1
24	160	1
24	162	1
24	164	1
24	166	1
24	168	1
24	170	1
24	172	1
24	174	1
24	176	1
24	178	1
24	180	1
24	182	1
24	184	1
24	186	1
24	188	0.999994
24	190	0.99978
24	192	0.994197
24	194	0.895982
26	2	7.83327e-21
26	4	8.66795e-21
26	6	8.71402e-21
26	8	8.71573e-21
26	10	8.71578e-21
26	12	8.71578e-21
26	14	8.71578e-21
26	16	8.71578e-21
26	18	8.71578e-21
26	20	8.71578e-21
26	22	8.71578e-21
26	24	8.71578e-21
26	26	8.71578e-21
26	28	8.71578e-21
26	30	8.71578e-21
26	32	8.71578e-21
26	34	8.71578e-21
26	36	8.71578e-21
26	38	8.71578e-21
26	40	8.71578e-21
26	42	8.71578e-21
26	44	8.71578e-21
26	46	8.71578e-21
26	48	8.71578e-21
26	50	8.71578e-21
26	52	8.71578e-21
26	54	8.71578e-21
26	56	8.71578e-21
26	58	8.71578e-21
26	60	8.71578e-21
26	62	8.71578e-21
26	64	8.71578e-21
26	66	8.71578e-21
26	68	8.71578e-21
26	70	8.71578e-21
26	72	8.71639e-21
26	74	8.79139e-21
26	76	1.74316e-20
26	78	9.33817e-19
26	80	8.97984e-17
26	82	7.90382e-15
26	84	6.24722e-13
26	86	4.37954e-11
26	88	2.68097e-09
26	90	1.40424e-07
26	92	6.12133e-06
26	94	0.000213397
26	96	0.00558976
26	98	0.0984282
26	100	0.901572
26	102	0.99441
26	104	0.999787
26	106	0.999994
26	108	1
26	110	1
26	112	1
26	114	1
26	116	1
26	118	1
26	120	1
26	122	1
26	124	1
26	126	1
26	128	1
26	130	1
26	132	1
26	134	1
26	136	1
26	138	1
26	140	1
26	142	1
26	144	1
26	146	1
26	148	1
26	150	1
26	152	1
26	154	1
26	156	1
26	158	1
26	160	1
26	162	1
26	164	1
26	166	1
26	168	1
26	170	1
26	172	1
26	174	1
26	176	1
26	178	1
26	180	1
26	182	1
26	184	1
26	186	1
26	188	0.999994
26	190	0.99978
26	192	0.994197
26	194	0.895982
28	2	8.31213e-19
28	4	9.2e-19
28	6	9.24913e-19
28	8	9.25096e-19
28	10	9.25101e-19
28	12	9.25101e-19
28	14	9.25101e-19
28	16	9.25101e-19
28	18	9.25101e-19
28	20	9.25101e-19
28	22	9.25101e-19
28	24	9.25101e-19
28	26	9.25101e-19
28	28	9.25101e-19
28	30	9.25101e-19
28	32	9.25101e-19
28	34	9.25101e-19
28	36	9.25101e-19
28	38	9.25101e-19
28	40	9.25101e-19
28	42	9.25101e-19
28	44	9.25101e-19
28	46	9.25101e-19
28	48	9.25101e-19
28	50	9.25101e-19
28	52	9.25101e-19
28	54	9.25101e-19
28	56	9.25101e-19
28	58	9.25101e-19
28	60	9.25101e-19
28	62	9.25101e-19
28	64	9.25101e-19
28	66	9.25101e-19
28	68	9.25101e-19
28	70	9.25101e-19
28	72	9.25101e-19
28	74	9.25176e-19
28	76	9.33817e-19
28	78	1.8502e-18
28	80	9.07147e-17
28	82	7.90473e-15
28	84	6.24723e-13
28	86	4.37954e-11
28	88	2.68097e-09
28	90	1.40424e-07
28	92	6.12133e-06
28	94	0.000213397
28	96	0.00558976
28	98	0.0984282
28	100	0.901572
28	102	0.99441
28	104	0.999787
28	106	0.999994
28	108	1
28	110	1
28	112	1
28	114	1
28	116	1
28	118	1
28	120	1
28	122	1
28	124	1
28	126	1
28	128	1
28	130	1
28	132	1
28	134	1
28	136	1
28	138	1
28	140	1
28	142	1
28	144	1
28	146	1
28	148	1
28	150	1
28	152	1
28	154	1
28	156	1
28	158	1
28	160	1
28	162	1
28	164	1
28	166	1
28	168	1
28	170	1
28	172	1
28	174	1
28	176	1
28	178	1
28	180	1
28	182	1
28	184	1
28	186	1
28	188	0.999994
28	190	0.99978
28	192	0.994197
28	194	0.895982
30	2	8.06559e-17
30	4	8.92922e-17
30	6	8.97713e-17
30	8	8.97891e-17
30	10	8.97896e-17
30	12	8.97896e-17
30	14	8.97896e-17
30	16	8.97896e-17
30	18	8.97896e-17
30	20	8.97896e-17
30	22	8.97896e-17
30	24	8.97896e-17
30	26	8.97896e-17
30	28	8.97896e-17
30	30	8.97896e-17
30	32	8.97896e-17
30	34	8.97896e-17
30	36	8.97896e-17
30	38	8.97896e-17
30	40	8.97896e-17
30	42	8.97896e-17
30	44	8.97896e-17
30	46	8.97896e-17
30	48	8.97896e-17
30	50	8.97896e-17
30	52	8.97896e-17
30	54	8.97896e-17
30	56	8.97896e-17
30	58	8.97896e-17
30	60	8.97896e-17
30	62	8.97896e-17
30	64	8.97896e-17
30	66	8.97896e-17
30	68	8.97896e-17
30	70	8.97896e-17
30	72	8.97896e-17
30	74	8.97897e-17
30	76	8.97984e-17
30	78	9.07147e-17
30	80	1.79579e-16
30	82	7.9936e-15
30	84	6.24812e-13
30	86	4.37954e-11
30	88	2.68097e-09
30	90	1.40424e-07
30	92	6.12133e-06
30	94	0.000213397
30	96	0.00558976
30	98	0.0984282
30	100	0.901572
30	102	0.99441
30	104	0.999787
30	106	0.999994
30	108	1
30	110	1
30	112	1
30	114	1
30	116	1
30	118	1
30	120	1
30	122	1
30	124	1
30	126	1
30	128	1
30	130	1
30	132	1
30	134	1
30	136	1
30	138	1
30	140	1
30	142	1
30	144	1
30	146	1
30	148	1
30	150	1
30	152	1
30	154	1
30	156	1
30	158	1
30	160	1
30	162	1
30	164	1
30	166	1
30	168	1
30	170	1
30	172	1
30	174	1
30	176	1
30	178	1
30	180	1
30	182	1
30	184	1
30	186	1
30	188	0.999994
30	190	0.99978
30	192	0.994197
30	194	0.895982
32	2	7.09795e-15
32	4	7.85981e-15
32	6	7.90218e-15
32	8	7.90376e-15
32	10	7.90381e-15
32	12	7.90381e-15
32	14	7.90381e-15
32	16	7.90381e-15
32	18	7.90381e-15
32	20	7.90381e-15
32	22	7.90381e-15
32	24	7.90381e-15
32	26	7.90381e-15
32	28	7.90381e-15
32	30	7.90381e-15
32	32	7.90381e-15
32	34	7.90381e-15
32	36	7.90381e-15
32	38	7.90381e-15
32	40	7.90381e-15
32	42	7.90381e-15
32	44	7.90381e-15
32	46	7.90381e-15
32	48	7.90381e-15
32	50	7.90381e-15
32	52	7.90381e-15
32	54	7.90381e-15
32	56	7.90381e-15
32	58	7.90381e-15
32	60	7.90381e-15
32	62	7.90381e-15
32	64	7.90381e-15
32	66	7.90381e-15
32	68	7.90381e-15
32	70	7.90381e-15
32	72	7.90381e-15
32	74	7.90381e-15
32	76	7.90382e-15
32	78	7.90473e-15
32	80	7.9936e-15
32	82	1.58076e-14
32	84	6.32626e-13
32	86	4.38033e-11
32	88	2.68098e-09
32	90	1.40424e-07
32	92	6.12133e-06
32	94	0.000213397
32	96	0.00558976
32	98	0.0984282
32	100	0.901572
32	102	0.99441
32	104	0.999787
32	106	0.999994
32	108	1
32	110	1
32	112	1
32	114	1
32	116	1
32	118	1
32	120	1
32	122	1
32	124	1
32	126	1
32	128	1
32	130	1
32	132	1
32	134	1
32	136	1
32	138	1
32	140	1
32	142	1
32	144	1
32	146	1
32	148	1
32	150	1
32	152	1
32	154	1
32	156	1
32	158	1
32	160	1
32	162	1
32	164	1
32	166	1
32	168	1
32	170	1
32	172	1
32	174	1
32	176	1
32	178	1
32	180	1
32	182	1
32	184	1
32	186	1
32	188	0.999994
32	190	0.99978
32	192	0.994197
32	194	0.895982
34	2	5.60879e-13
34	4	6.21227e-13
34	6	6.24592e-13
34	8	6.24718e-13
34	10	6.24722e-13
34	12	6.24722e-13
34	14	6.24722e-13
34	16	6.24722e-13
34	18	6.24722e-13
34	20	6.24722e-13
34	22	6.24722e-13
34	24	6.24722e-13
34	26	6.24722e-13
34	28	6.24722e-13
34	30	6.24722e-13
34	32	6.24722e-13
34	34	6.24722e-13
34	36	6.24722e-13
34	38	6.24722e-13
34	40	6.24722e-13
34	42	6.24722e-13
34	44	6.24722e-13
34	46	6.24722e-13
34	48	6.24722e-13
34	50	6.24722e-13
34	52	6.24722e-13
34	54	6.24722e-13
34	56	6.24722e-13
34	58	6.24722e-13
34	60	6.24722e-13
34	62	6.24722e-13
34	64	6.24722e-13
34	66	6.24722e-13
34	68	6.24722e-13
34	70	6.24722e-13
34	72	6.24722e-13
34	74	6.24722e-13
34	76	6.24722e-13
34	78	6.24723e-13
34	80	6.24812e-13
34	82	6.32626e-13
34	84	1.24944e-12
34	86	4.44201e-11
34	88	2.6816e-09
34	90	1.40424e-07
34	92	6.12133e-06
34	94	0.000213397
34	96	0.00558976
34	98	0.0984282
34	100	0.901572
34	102	0.99441
34	104	0.999787
34	106	0.999994
34	108	1
34	110	1
34	112	1
34	114	1
34	116	1
34	118	1
34	120	1
34	122	1
34	124	1
34	126	1
34	128	1
34	130	1
34	132	1
34	134	1
34	136	1
34	138	1
34	140	1
34	142	1
34	144	1
34	146	1
34	148	1
34	150	1
34	152	1
34	154	1
34	156	1
34	158	1
34	160	1
34	162	1
34	164	1
34	166	1
34	168	1
34	170	1
34	172	1
34	174	1
34	176	1
34	178	1
34	180	1
34	182	1
34	184	1
34	186	1
34	188	0.999994
34	190	0.99978
34	192	0.994197
34	194	0.895982
36	2	3.93095e-11
36	4	4.35492e-11
36	6	4.37862e-11
36	8	4.37951e-11
36	10	4.37953e-11
36	12	4.37954e-11
36	14	4.37954e-11
36	16	4.37954e-11
36	18	4.37954e-11
36	20	4.37954e-11
36	22	4.37954e-11
36	24	4.37954e-11
36	26	4.37954e-11
36	28	4.37954e-11
36	30	4.37954e-11
36	32	4.37954e-11
36	34	4.37954e-11
36	36	4.37954e-11
36	38	4.37954e-11
36	40	4.37954e-11
36	42	4.37954e-11
36	44	4.37954e-11
36	46	4.37954e-11
36	48	4.37954e-11
36	50	4.37954e-11
36	52	4.37954e-11
36	54	4.37954e-11
36	56	4.37954e-11
36	58	4.37954e-11
36	60	4.37954e-11
36	62	4.37954e-11
36	64	4.37954e-11
36	66	4.37954e-11
36	68	4.37954e-11
36	70	4.37954e-11
36	72	4.37954e-11
36	74	4.37954e-11
36	76	4.37954e-11
36	78	4.37954e-11
36	80	4.37954e-11
36	82	4.38033e-11
36	84	4.44201e-11
36	86	8.75907e-11
36	88	2.72477e-09
36	90	1.40468e-07
36	92	6.12137e-06
36	94	0.000213397
36	96	0.00558976
36	98	0.0984282
36	100	0.901572
36	102	0.99441
36	104	0.999787
36	106	0.999994
36	108	1
36	110	1
36	112	1
36	114	1
36	116	1
36	118	1
36	120	1
36	122	1
36	124	1
36	126	1
36	128	1
36	130	1
36	132	1
36	134	1
36	136	1
36	138	1
36	140	1
36	142	1
36	144	1
36	146	1
36	148	1
36	150	1
36	152	1
36	154	1
36	156	1
36	158	1
36	160	1
36	162	1
36	164	1
36	166	1
36	168	1
36	170	1
36	172	1
36	174	1
36	176	1
36	178	1
36	180	1
36	182	1
36	184	1
36	186	1
36	188	0.999994
36	190	0.99978
36	192	0.994197
36	194	0.895982
38	2	2.40574e-09
38	4	2.66583e-09
38	6	2.68041e-09
38	8	2.68096e-09
38	10	2.68097e-09
38	12	2.68097e-09
38	14	2.68097e-09
38	16	2.68097e-09
38	18	2.68097e-09
38	20	2.68097e-09
38	22	2.68097e-09
38	24	2.68097e-09
38	26	2.68097e-09
38	28	2.68097e-09
38	30	2.68097e-09
38	32	2.68097e-09
38	34	2.68097e-09
38	36	2.68097e-09
38	38	2.68097e-09
38	40	2.68097e-09
38	42	2.68097e-09
38	44	2.68097e-09
38	46	2.68097e-09
38	48	2.68097e-09
38	50	2.68097e-09
38	52	2.68097e-09
38	54	2.68097e-09
38	56	2.68097e-09
38	58	2.68097e-09
38	60	2.68097e-09
38	62	2.68097e-09
38	64	2.68097e-09
38	66	2.68097e-09
38	68	2.68097e-09
38	70	2.68097e-09
38	72	2.68097e-09
38	74	2.68097e-09
38	76	2.68097e-09
38	78	2.68097e-09
38	80	2.68097e-09
38	82	2.68098e-09
38	84	2.6816e-09
38	86	2.72477e-09
38	88	5.36194e-09
38	90	1.43105e-07
38	92	6.12401e-06
38	94	0.0002134
38	96	0.00558976
38	98	0.0984282
38	100	0.901572
38	102	0.99441
38	104	0.999787
38	106	0.999994
38	108	1
38	110	1
38	112	1
38	114	1
38	116	1
38	118	1
38	120	1
38	122	1
38	124	1
38	126	1
38	128	1
38	130	1
38	132	1
38	134	1
38	136	1
38	138	1
38	140	1
38	142	1
38	144	1
38	146	1
38	148	1
38	150	1
38	152	1
38	154	1
38	156	1
38	158	1
38	160	1
38	162	1
38	164	1
38	166	1
38	168	1
38	170	1
38	172	1
38	174	1
38	176	1
38	178	1
38	180	1
38	182	1
38	184	1
38	186	1
38	188	0.999994
38	190	0.99978
38	192	0.994197
38	194	0.895982
40	2	1.25975e-07
40	4	1.39627e-07
40	6	1.40394e-07
40	8	1.40423e-07
40	10	1.40424e-07
40	12	1.40424e-07
40	14	1.40424e-07
40	16	1.40424e-07
40	18	1.40424e-07
40	20	1.40424e-07
40	22	1.40424e-07
40	24	1.40424e-07
40	26	1.40424e-07
40	28	1.40424e-07
40	30	1.40424e-07
40	32	1.40424e-07
40	34	1.40424e-07
40	36	1.40424e-07
40	38	1.40424e-07
40	40	1.40424e-07
40	42	1.40424e-07
40	44	1.40424e-07
40	46	1.40424e-07
40	48	1.40424e-07
40	50	1.40424e-07
40	52	1.40424e-07
40	54	1.40424e-07
40	56	1.40424e-07
40	58	1.40424e-07
40	60	1.40424e-07
40	62	1.40424e-07
40	64	1.40424e-07
40	66	1.40424e-07
40	68	1.40424e-07
40	70	1.40424e-07
40	72	1.40424e-07
40	74	1.40424e-07
40	76	1.40424e-07
40	78	1.40424e-07
40	80	1.40424e-07
40	82	1.40424e-07
40	84	1.40424e-07
40	86	1.40468e-07
40	88	1.43105e-07
40	90	2.80847e-07
40	92	6.26175e-06
40	94	0.000213538
40	96	0.0055899
40	98	0.0984283
40	100	0.901572
40	102	0.99441
40	104	0.999787
40	106	0.999994
40	108	1
40	110	1
40	112	1
40	114	1
40	116	1
40	118	1
40	120	1
40	122	1
40	124	1
40	126	1
40	128	1
40	130	1
40	132	1
40	134	1
40	136	1
40	138	1
40	140	1
40	142	1
40	144	1
40	146	1
40	148	1
40	150	1
40	152	1
40	154	1
40	156	1
40	158	1
40	160	1
40	162	1
40	164	1
40	166	1
40	168	1
40	170	1
40	172	1
40	174	1
40	176	1
40	178	1
40	180	1
40	182	1
40	184	1
40	186	1
40	188	0.999994
40	190	0.99978
40	192	0.994197
40	194	0.895982
42	2	5.49004e-06
42	4	6.08643e-06
42	6	6.12002e-06
42	8	6.12129e-06
42	10	6.12133e-06
42	12	6.12133e-06
42	14	6.12133e-06
42	16	6.12133e-06
42	18	6.12133e-06
42	20	6.12133e-06
42	22	6.12133e-06
42	24	6.12133e-06
42	26	6.12133e-06
42	28	6.12133e-06
42	30	6.12133e-06
42	32	6.12133e-06
42	34	6.12133e-06
42	36	6.12133e-06
42	38	6.12133e-06
42	40	6.12133e-06
42	42	6.12133e-06
42	44	6.12133e-06
42	46	6.12133e-06
42	48	6.12133e-06
42	50	6.12133e-06
42	52	6.12133e-06
42	54	6.12133e-06
42	56	6.12133e-06
42	58	6.12133e-06
42	60	6.12133e-06
42	62	6.12133e-06
42	64	6.12133e-06
42	66	6.12133e-06
42	68	6.12133e-06
42	70	6.12133e-06
42	72	6.12133e-06
42	74	6.12133e-06
42	76	6.12133e-06
42	78	6.12133e-06
42	80	6.12133e-06
42	82	6.12133e-06
42	84	6.12133e-06
42	86	6.12137e-06
42	88	6.12401e-06
42	90	6.26175e-06
42	92	1.22426e-05
42	94	0.000219517
42	96	0.00559584
42	98	0.0984337
42	100	0.901572
42	102	0.99441
42	104	0.999787
42	106	0.999994
42	108	1
42	110	1
42	112	1
42	114	1
42	116	1
42	118	1
42	120	1
42	122	1
42	124	1
42	126	1
42	128	1
42	130	1
42	132	1
42	134	1
42	136	1
42	138	1
42	140	1
42	142	1
42	144	1
42	146	1
42	148	1
42	150	1
42	152	1
42	154	1
42	156	1
42	158	1
42	160	1
42	162	1
42	164	1
42	166	1
42	168	1
42	170	1
42	172	1
42	174	1
42	176	1
42	178	1
42	180	1
42	182	1
42	184	1
42	186	1
42	188	0.999994
42	190	0.99978
42	192	0.994197
42	194	0.895982
44	2	0.00019134
44	4	0.000212175
44	6	0.000213352
44	8	0.000213396
44	10	0.000213397
44	12	0.000213397
44	14	0.000213397
44	16	0.000213397
44	18	0.000213397
44	20	0.000213397
44	22	0.000213397
44	24	0.000213397
44	26	0.000213397
44	28	0.000213397
44	30	0.000213397
44	32	0.000213397
44	34	0.000213397
44	36	0.000213397
44	38	0.000213397
44	40	0.000213397
44	42	0.000213397
44	44	0.000213397
44	46	0.000213397
44	48	0.000213397
44	50	0.000213397
44	52	0.000213397
44	54	0.000213397
44	56	0.000213397
44	58	0.000213397
44	60	0.000213397
44	62	0.000213397
44	64	0.000213397
44	66	0.000213397
44	68	0.000213397
44	70	0.000213397
44	72	0.000213397
44	74	0.000213397
44	76	0.000213397
44	78	0.000213397
44	80	0.000213397
44	82	0.000213397
44	84	0.000213397
44	86	0.000213397
44	88	0.0002134
44	90	0.000213538
44	92	0.000219517
44	94	0.00042675
44	96	0.00580198
44	98	0.0986207
44	100	0.901593
44	102	0.994411
44	104	0.999787
44	106	0.999994
44	108	1
44	110	1
44	112	1
44	114	1
44	116	1
44	118	1
44	120	1
44	122	1
44	124	1
44	126	1
44	128	1
44	130	1
44	132	1
44	134	1
44	136	1
44	138	1
44	140	1
44	142	1
44	144	1
44	146	1
44	148	1
44	150	1
44	152	1
44	154	1
44	156	1
44	158	1
44	160	1
44	162	1
44	164	1
44	166	1
44	168	1
44	170	1
44	172	1
44	174	1
44	176	1
44	178	1
44	180	1
44	182	1
44	184	1
44	186	1
44	188	0.999994
44	190	0.99978
44	192	0.994197
44	194	0.895982
46	2	0.0050107
46	4	0.00555759
46	6	0.00558855
46	8	0.00558972
46	10	0.00558976
46	12	0.00558976
46	14	0.00558976
46	16	0.00558976
46	18	0.00558976
46	20	0.00558976
46	22	0.00558976
46	24	0.00558976
46	26	0.00558976
46	28	0.00558976
46	30	0.00558976
46	32	0.00558976
46	34	0.00558976
46	36	0.00558976
46	38	0.00558976
46	40	0.00558976
46	42	0.00558976
46	44	0.00558976
46	46	0.00558976
46	48	0.00558976
46	50	0.00558976
46	52	0.00558976
46	54	0.00558976
46	56	0.00558976
46	58	0.00558976
46	60	0.00558976
46	62	0.00558976
46	64	0.00558976
46	66	0.00558976
46	68	0.00558976
46	70	0.00558976
46	72	0.00558976
46	74	0.00558976
46	76	0.00558976
46	78	0.00558976
46	80	0.00558976
46	82	0.00558976
46	84	0.00558976
46	86	0.00558976
46	88	0.00558976
46	90	0.0055899
46	92	0.00559584
46	94	0.00580198
46	96	0.0111485
46	98	0.10347
46	100	0.90212
46	102	0.994441
46	104	0.999788
46	106	0.999994
46	108	1
46	110	1
46	112	1
46	114	1
46	116	1
46	118	1
46	120	1
46	122	1
46	124	1
46	126	1
46	128	1
46	130	1
46	132	1
46	134	1
46	136	1
46	138	1
46	140	1
46	142	1
46	144	1
46	146	1
46	148	1
46	150	1
46	152	1
46	154	1
46	156	1
46	158	1
46	160	1
46	162	1
46	164	1
46	166	1
46	168	1
46	170	1
46	172	1
46	174	1
46	176	1
46	178	1
46	180	1
46	182	1
46	184	1
46	186	1
46	188	0.999994
46	190	0.99978
46	192	0.994197
46	194	0.895982
48	2	0.0882092
48	4	0.0978592
48	6	0.0984067
48	8	0.0984276
48	10	0.0984282
48	12	0.0984282
48	14	0.0984282
48	16	0.0984282
48	18	0.0984282
48	20	0.0984282
48	22	0.0984282
48	24	0.0984282
48	26	0.0984282
48	28	0.0984282
48	30	0.0984282
48	32	0.0984282
48	34	0.0984282
48	36	0.0984282
48	38	0.0984282
48	40	0.0984282
48	42	0.0984282
48	44	0.0984282
48	46	0.0984282
48	48	0.0984282
48	50	0.0984282
48	52	0.0984282
48	54	0.0984282
48	56	0.0984282
48	58	0.0984282
48	60	0.0984282
48	62	0.0984282
48	64	0.0984282
48	66	0.0984282
48	68	0.0984282
48	70	0.0984282
48	72	0.0984282
48	74	0.0984282
48	76	0.0984282
48	78	0.0984282
48	80	0.0984282
48	82	0.0984282
48	84	0.0984282
48	86	0.0984282
48	88	0.0984282
48	90	0.0984283
48	92	0.0984337
48	94	0.0986207
48	96	0.10347
48	98	0.187185
48	100	0.911243
48	102	0.994958
48	104	0.999807
48	106	0.999994
48	108	1
48	110	1
48	112	1
48	114	1
48	116	1
48	118	1
48	120	1
48	122	1
48	124	1
48	126	1
48	128	1
48	130	1
48	132	1
48	134	1
48	136	1
48	138	1
48	140	1
48	142	1
48	144	1
48	146	1
48	148	1
48	150	1
48	152	1
48	154	1
48	156	1
48	158	1
48	160	1
48	162	1
48	164	1
48	166	1
48	168	1
48	170	1
48	172	1
48	174	1
48	176	1
48	178	1
48	180	1
48	182	1
48	184	1
48	186	1
48	188	0.999994
48	190	0.99978
48	192	0.994197
48	194	0.895982
50	2	0.807773
50	4	0.896338
50	6	0.901374
50	8	0.901566
50	10	0.901572
50	12	0.901572
50	14	0.901572
50	16	0.901572
50	18	0.901572
50	20	0.901572
50	22	0.901572
50	24	0.901572
50	26	0.901572
50	28	0.901572
50	30	0.901572
50	32	0.901572
50	34	0.901572
50	36	0.901572
50	38	0.901572
50	40	0.901572
50	42	0.901572
50	44	0.901572
50	46	0.901572
50	48	0.901572
50	50	0.901572
50	52	0.901572
50	54	0.901572
50	56	0.901572
50	58	0.901572
50	60	0.901572
50	62	0.901572
50	64	0.901572
50	66	0.901572
50	68	0.901572
50	70	0.901572
50	72	0.901572
50	74	0.901572
50	76	0.901572
50	78	0.901572
50	80	0.901572
50	82	0.901572
50	84	0.901572
50	86	0.901572
50	88	0.901572
50	90	0.901572
50	92	0.901572
50	94	0.901593
50	96	0.90212
50	98	0.911243
50	100	0.990329
50	102	0.999452
50	104	0.999979
50	106	0.999999
50	108	1
50	110	1
50	112	1
50	114	1
50	116	1
50	118	1
50	120	1
50	122	1
50	124	1
50	126	1
50	128	1
50	130	1
50	132	1
50	134	1
50	136	1
50	138	1
50	140	1
50	142	1
50	144	1
50	146	1
50	148	1
50	150	1
50	152	1
50	154	1
50	156	1
50	158	1
50	160	1
50	162	1
50	164	1
50	166	1
50	168	1
50	170	1
50	172	1
50	174	1
50	176	1
50	178	1
50	180	1
50	182	1
50	184	1
50	186	1
50	188	0.999994
50	190	0.99978
50	192	0.994197
50	194	0.895982
52	2	0.890971
52	4	0.988639
52	6	0.994192
52	8	0.994404
52	10	0.99441
52	12	0.99441
52	14	0.99441
52	16	0.99441
52	18	0.99441
52	20	0.99441
52	22	0.99441
52	24	0.99441
52	26	0.99441
52	28	0.99441
52	30	0.99441
52	32	0.99441
52	34	0.99441
52	36	0.99441
52	38	0.99441
52	40	0.99441
52	42	0.99441
52	44	0.99441
52	46	0.99441
52	48	0.99441
52	50	0.99441
52	52	0.99441
52	54	0.99441
52	56	0.99441
52	58	0.99441
52	60	0.99441
52	62	0.99441
52	64	0.99441
52	66	0.99441
52	68	0.99441
52	70	0.99441
52	72	0.99441
52	74	0.99441
52	76	0.99441
52	78	0.99441
52	80	0.99441
52	82	0.99441
52	84	0.99441
52	86	0.99441
52	88	0.99441
52	90	0.99441
52	92	0.99441
52	94	0.994411
52	96	0.994441
52	98	0.994958
52	100	0.999452
52	102	0.999969
52	104	0.999999
52	106	1
52	108	1
52	110	1
52	112	1
52	114	1
52	116	1
52	118	1
52	120	1
52	122	1
52	124	1
52	126	1
52	128	1
52	130	1
52	132	1
52	134	1
52	136	1
52	138	1
52	140	1
52	142	1
52	144	1
52	146	1
52	148	1
52	150	1
52	152	1
52	154	1
52	156	1
52	158	1
52	160	1
52	162	1
52	164	1
52	166	1
52	168	1
52	170	1
52	172	1
52	174	1
52	176	1
52	178	1
52	180	1
52	182	1
52	184	1
52	186	1
52	188	0.999994
52	190	0.99978
52	192	0.994197
52	194	0.895982
54	2	0.895791
54	4	0.993985
54	6	0.999567
54	8	0.99978
54	10	0.999786
54	12	0.999787
54	14	0.999787
54	16	0.999787
54	18	0.999787
54	20	0.999787
54	22	0.999787
54	24	0.999787
54	26	0.999787
54	28	0.999787
54	30	0.999787
54	32	0.999787
54	34	0.999787
54	36	0.999787
54	38	0.999787
54	40	0.999787
54	42	0.999787
54	44	0.999787
54	46	0.999787
54	48	0.999787
54	50	0.999787
54	52	0.999787
54	54	0.999787
54	56	0.999787
54	58	0.999787
54	60	0.999787
54	62	0.999787
54	64	0.999787
54	66	0.999787
54	68	0.999787
54	70	0.999787
54	72	0.999787
54	74	0.999787
54	76	0.999787
54	78	0.999787
54	80	0.999787
54	82	0.999787
54	84	0.999787
54	86	0.999787
54	88	0.999787
54	90	0.999787
54	92	0.999787
54	94	0.999787
54	96	0.999788
54	98	0.999807
54	100	0.999979
54	102	0.999999
54	104	1
54	106	1
54	108	1
54	110	1
54	112	1
54	114	1
54	116	1
54	118	1
54	120	1
54	122	1
54	124	1
54	126	1
54	128	1
54	130	1
54	132	1
54	134	1
54	136	1
54	138	1
54	140	1
54	142	1
54	144	1
54	146	1
54	148	1
54	150	1
54	152	1
54	154	1
54	156	1
54	158	1
54	160	1
54	162	1
54	164	1
54	166	1
54	168	1
54	170	1
54	172	1
54	174	1
54	176	1
54	178	1
54	180	1
54	182	1
54	184	1
54	186	1
54	188	0.999994
54	190	0.99978
54	192	0.994197
54	194	0.895982
56	2	0.895977
56	4	0.994191
56	6	0.999774
56	8	0.999988
56	10	0.999994
56	12	0.999994
56	14	0.999994
56	16	0.999994
56	18	0.999994
56	20	0.999994
56	22	0.999994
56	24	0.999994
56	26	0.999994
56	28	0.999994
56	30	0.999994
56	32	0.999994
56	34	0.999994
56	36	0.999994
56	38	0.999994
56	40	0.999994
56	42	0.999994
56	44	0.999994
56	46	0.999994
56	48	0.999994
56	50	0.999994
56	52	0.999994
56	54	0.999994
56	56	0.999994
56	58	0.999994
56	60	0.999994
56	62	0.999994
56	64	0.999994
56	66	0.999994
56	68	0.999994
56	70	0.999994
56	72	0.999994
56	74	0.999994
56	76	0.999994
56	78	0.999994
56	80	0.999994
56	82	0.999994
56	84	0.999994
56	86	0.999994
56	88	0.999994
56	90	0.999994
56	92	0.999994
56	94	0.999994
56	96	0.999994
56	98	0.999994
56	100	0.999999
56	102	1
56	104	1
56	106	1
56	108	1
56	110	1
56	112	1
56	114	1
56	116	1
56	118	1
56	120	1
56	122	1
56	124	1
56	126	1
56	128	1
56	130	1
56	132	1
56	134	1
56	136	1
56	138	1
56	140	1
56	142	1
56	144	1
56	146	1
56	148	1
56	150	1
56	152	1
56	154	1
56	156	1
56	158	1
56	160	1
56	162	1
56	164	1
56	166	1
56	168	1
56	170	1
56	172	1
56	174	1
56	176	1
56	178	1
56	180	1
56	182	1
56	184	1
56	186	1
56	188	0.999994
56	190	0.99978
56	192	0.994197
56	194	0.895982
58	2	0.895982
58	4	0.994197
58	6	0.99978
58	8	0.999994
58	10	1
58	12	1
58	14	1
58	16	1
58	18	1
58	20	1
58	22	1
58	24	1
58	26	1
58	28	1
58	30	1
58	32	1
58	34	1
58	36	1
58	38	1
58	40	1
58	42	1
58	44	1
58	46	1
58	48	1
58	50	1
58	52	1
58	54	1
58	56	1
58	58	1
58	60	1
58	62	1
58	64	1
58	66	1
58	68	1
58	70	1
58	72	1
58	74	1
58	76	1
58	78	1
58	80	1
58	82	1
58	84	1
58	86	1
58	88	1
58	90	1
58	92	1
58	94	1
58	96	1
58	98	1
58	100	1
58	102	1
58	104	1
58	106	1
58	108	1
58	110	1
58	112	1
58	114	1
58	116	1
58	118	1
58	120	1
58	122	1
58	124	1
58	126	1
58	128	1
58	130	1
58	132	1
58	134	1
58	136	1
58	138	1
58	140	1
58	142	1
58	144	1
58	146	1
58	148	1
58	150	1
58	152	1
58	154	1
58	156	1
58	158	1
58	160	1
58	162	1
58	164	1
58	166	1
58	168	1
58	170	1
58	172	1
58	174	1
58	176	1
58	178	1
58	180	1
58	182	1
58	184	1
58	186	1
58	188	0.999994
58	190	0.99978
58	192	0.994197
58	194	0.895982
60	2	0.895982
60	4	0.994197
60	6	0.99978
60	8	0.999994
60	10	1
60	12	1
60	14	1
60	16	1
60	18	1
60	20	1
60	22	1
60	24	1
60	26	1
60	28	1
60	30	1
60	32	1
60	34	1
60	36	1
60	38	1
60	40	1
60	42	1
60	44	1
60	46	1
60	48	1
60	50	1
60	52	1
60	54	1
60	56	1
60	58	1
60	60	1
60	62	1
60	64	1
60	66	1
60	68	1
60	70	1
60	72	1
60	74	1
60	76	1
60	78	1
60	80	1
60	82	1
60	84	1
60	86	1
60	88	1
60	90	1
60	92	1
60	94	1
60	96	1
60	98	1
60	100	1
60	102	1
60	104	1
60	106	1
60	108	1
60	110	1
60	112	1
60	114	1
60	116	1
60	118	1
60	120	1
60	122	1
60	124	1
60	126	1
60	128	1
60	130	1
60	132	1
60	134	1
60	136	1
60	138	1
60	140	1
60	142	1
60	144	1
60	146	1
60	148	1
60	150	1
60	152	1
60	154	1
60	156	1
60	158	1
60	160	1
60	162	1
60	164	1
60	166	1
60	168	1
60	170	1
60	172	1
60	174	1
60	176	1
60	178	1
60	180	1
60	182	1
60	184	1
60	186	1
60	188	0.999994
60	190	0.99978
60	192	0.994197
60	194	0.895982
62	2	0.895982
62	4	0.994197
62	6	0.99978
62	8	0.999994
62	10	1
62	12	1
62	14	1
62	16	1
62	18	1
62	20	1
62	22	1
62	24	1
62	26	1
62	28	1
62	30	1
62	32	1
62	34	1
62	36	1
62	38	1
62	40	1
62	42	1
62	44	1
62	46	1
62	48	1
62	50	1
62	52	1
62	54	1
62	56	1
62	58	1
62	60	1
62	62	1
62	64	1
62	66	1
62	68	1
62	70	1
62	72	1
62	74	1
62	76	1
62	78	1
62	80	1
62	82	1
62	84	1
62	86	1
62	88	1
62	90	1
62	92	1
62	94	1
62	96	1
62	98	1
62	100	1
62	102	1
62	104	1
62	106	1
62	108	1
62	110	1
62	112	1
62	114	1
62	116	1
62	118	1
62	120	1
62	122	1
62	124	1
62	126	1
62	128	1
62	130	1
62	132	1
62	134	1
62	136	1
62	138	1
62	140	1
62	142	1
62	144	1
62	146	1
62	148	1
62	150	1
62	152	1
62	154	1
62	156	1
62	158	1
62	160	1
62	162	1
62	164	1
62	166	1
62	168	1
62	170	1
62	172	1
62	174	1
62	176	1
62	178	1
62	180	1
62	182	1
62	184	1
62	186	1
62	188	0.999994
62	190	0.99978
62	192	0.994197
62	194	0.895982
64	2	0.895982
64	4	0.994197
64	6	0.99978
64	8	0.999994
64	10	1
64	12	1
64	14	1
64	16	1
64	18	1
64	20	1
64	22	1
64	24	1
64	26	1
64	28	1
64	30	1
64	32	1
64	34	1
64	36	1
64	38	1
64	40	1
64	42	1
64	44	1
64	46	1
64	48	1
64	50	1
64	52	1
64	54	1
64	56	1
64	58	1
64	60	1
64	62	1
64	64	1
64	66	1
64	68	1
64	70	1
64	72	1
64	74	1
64	76	1
64	78	1
64	80	1
64	82	1
64	84	1
64	86	1
64	88	1
64	90	1
64	92	1
64	94	1
64	96	1
64	98	1
64	100	1
64	102	1
64	104	1
64	106	1
64	108	1
64	110	1
64	112	1
64	114	1
64	116	1
64	118	1
64	120	1
64	122	1
64	124	1
64	126	1
64	128	1
64	130	1
64	132	1
64	134	1
64	136	1
64	138	1
64	140	1
64	142	1
64	144	1
64	146	1
64	148	1
64	150	1
64	152	1
64	154	1
64	156	1
64	158	1
64	160	1
64	162	1
64	164	1
64	166	1
64	168	1
64	170	1
64	172	1
64	174	1
64	176	1
64	178	1
64	180	1
64	182	1
64	184	1
64	186	1
64	188	0.999994
64	190	0.99978
64	192	0.994197
64	194	0.895982
66	2	0.895982
66	4	0.994197
66	6	0.99978
66	8	0.999994
66	10	1
66	12	1
66	14	1
66	16	1
66	18	1
66	20	1
66	22	1
66	24	1
66	26	1
66	28	1
66	30	1
66	32	1
66	34	1
66	36	1
66	38	1
66	40	1
66	42	1
66	44	1
66	46	1
66	48	1
66	50	1
66	52	1
66	54	1
66	56	1
66	58	1
66	60	1
66	62	1
66	64	1
66	66	1
66	68	1
66	70	1
66	72	1
66	74	1
66	76	1
66	78	1
66	80	1
66	82	1
66	84	1
66	86	1
66	88	1
66	90	1
66	92	1
66	94	1
66	96	1
66	98	1
66	100	1
66	102	1
66	104	1
66	106	1
66	108	1
66	110	1
66	112	1
66	114	1
66	116	1
66	118	1
66	120	1
66	122	1
66	124	1
66	126	1
66	128	1
66	130	1
66	132	1
66	134	1
66	136	1
66	138	1
66	140	1
66	142	1
66	144	1
66	146	1
66	148	1
66	150	1
66	152	1
66	154	1
66	156	1
66	158	1
66	160	1
66	162	1
66	164	1
66	166	1
66	168	1
66	170	1
66	172	1
66	174	1
66	176	1
66	178	1
66	180	1
66	182	1
66	184	1
66	186	1
66	188	0.999994
66	190	0.99978
66	192	0.994197
66	194	0.895982
68	2	0.895982
68	4	0.994197
68	6	0.99978
68	8	0.999994
68	10	1
68	12	1
68	14	1
68	16	1
68	18	1
68	20	1
68	22	1
68	24	1
68	26	1
68	28	1
68	30	1
68	32	1
68	34	1
68	36	1
68	38	1
68	40	1
68	42	1
68	44	1
68	46	1
68	48	1
68	50	1
68	52	1
68	54	1
68	56	1
68	58	1
68	60	1
68	62	1
68	64	1
68	66	1
68	68	1
68	70	1
68	72	1
68	74	1
68	76	1
68	78	1
68	80	1
68	82	1
68	84	1
68	86	1
68	88	1
68	90	1
68	92	1
68	94	1
68	96	1
68	98	1
68	100	1
68	102	1
68	104	1
68	106	1
68	108	1
68	110	1
68	112	1
68	114	1
68	116	1
68	118	1
68	120	1
68	122	1
68	124	1
68	126	1
68	128	1
68	130	1
68	132	1
68	134	1
68	136	1
68	138	1
68	140	1
68	142	1
68	144	1
68	146	1
68	148	1
68	150	1
68	152	1
68	154	1
68	156	1
68	158	1
68	160	1
68	162	1
68	164	1
68	166	1
68	168	1
68	170	1
68	172	1
68	174	1
68	176	1
68	178	1
68	180	1
68	182	1
68	184	1
68	186	1
68	188	0.999994
68	190	0.99978
68	192	0.994197
68	194	0.895982
70	2	0.895982
70	4	0.994197
70	6	0.99978
70	8	0.999994
70	10	1
70	12	1
70	14	1
70	16	1
70	18	1
70	20	1
70	22	1
70	24	1
70	26	1
70	28	1
70	30	1
70	32	1
70	34	1
70	36	1
70	38	1
70	40	1
70	42	1
70	44	1
70	46	1
70	48	1
70	50	1
70	52	1
70	54	1
70	56	1
70	58	1
70	60	1
70	62	1
70	64	1
70	66	1
70	68	1
70	70	1
70	72	1
70	74	1
70	76	1
70	78	1
70	80	1
70	82	1
70	84	1
70	86	1
70	88	1
70	90	1
70	92	1
70	94	1
70	96	1
70	98	1
70	100	1
70	102	1
70	104	1
70	106	1
70	108	1
70	110	1
70	112	1
70	114	1
70	116	1
70	118	1
70	120	1
70	122	1
70	124	1
70	126	1
70	128	1
70	130	1
70	132	1
70	134	1
70	136	1
70	138	1
70	140	1
70	142	1
70	144	1
70	146	1
70	148	1
70	150	1
70	152	1
70	154	1
70	156	1
70	158	1
70	160	1
70	162	1
70	164	1
70	166	1
70	168	1
70	170	1
70	172	1
70	174	1
70	176	1
70	178	1
70	180	1
70	182	1
70	184	1
70	186	1
70	188	0.999994
70	190	0.99978
70	192	0.994197
70	194	0.895982
72	2	0.895982
72	4	0.994197
72	6	0.99978
72	8	0.999994
72	10	1
72	12	1
72	14	1
72	16	1
72	18	1
72	20	1
72	22	1
72	24	1
72	26	1
72	28	1
72	30	1
72	32	1
72	34	1
72	36	1
72	38	1
72	40	1
72	42	1
72	44	1
72	46	1
72	48	1
72	50	1
72	52	1
72	54	1
72	56	1
72	58	1
72	60	1
72	62	1
72	64	1
72	66	1
72	68	1
72	70	1
72	72	1
72	74	1
72	76	1
72	78	1
72	80	1
72	82	1
72	84	1
72	86	1
72	88	1
72	90	1
72	92	1
72	94	1
72	96	1
72	98	1
72	100	1
72	102	1
72	104	1
72	106	1
72	108	1
72	110	1
72	112	1
72	114	1
72	116	1
72	118	1
72	120	1
72	122	1
72	124	1
72	126	1
72	128	1
72	130	1
72	132	1
72	134	1
72	136	1
72	138	1
72	140	1
72	142	1
72	144	1
72	146	1
72	148	1
72	150	1
72	152	1
72	154	1
72	156	1
72	158	1
72	160	1
72	162	1
72	164	1
72	166	1
72	168	1
72	170	1
72	172	1
72	174	1
72	176	1
72	178	1
72	180	1
72	182	1
72	184	1
72	186	1
72	188	0.999994
72	190	0.99978
72	192	0.994197
72	194	0.895982
74	2	0.895982
74	4	0.994197
74	6	0.99978
74	8	0.999994
74	10	1
74	12	1
74	14	1
74	16	1
74	18	1
74	20	1
74	22	1
74	24	1
74	26	1
74	28	1
74	30	1
74	32	1
74	34	1
74	36	1
74	38	1
74	40	1
74	42	1
74	44	1
74	46	1
74	48	1
74	50	1
74	52	1
74	54	1
74	56	1
74	58	1
74	60	1
74	62	1
74	64	1
74	66	1
74	68	1
74	70	1
74	72	1
74	74	1
74	76	1
74	78	1
74	80	1
74	82	1
74	84	1
74	86	1
74	88	1
74	90	1
74	92	1
74	94	1
74	96	1
74	98	1
74	100	1
74	102	1
74	104	1
74	106	1
74	108	1
74	110	1
74	112	1
74	114	1
74	116	1
74	118	1
74	120	1
74	122	1
74	124	1
74	126	1
74	128	1
74	130	1
74	132	1
74	134	1
74	136	1
74	138	1
74	140	1
74	142	1
74	144	1
74	146	1
74	148	1
74	150	1
74	152	1
74	154	1
74	156	1
74	158	1
74	160	1
74	162	1
74	164	1
74	166	1
74	168	1
74	170	1
74	172	1
74	174	1
74	176	1
74	178	1
74	180	1
74	182	1
74	184	1
74	186	1
74	188	0.999994
74	190	0.99978
74	192	0.994197
74	194	0.895982
76	2	0.895982
76	4	0.994197
76	6	0.99978
76	8	0.999994
76	10	1
76	12	1
76	14	1
76	16	1
76	18	1
76	20	1
76	22	1
76	24	1
76	26	1
76	28	1
76	30	1
76	32	1
76	34	1
76	36	1
76	38	1
76	40	1
76	42	1
76	44	1
76	46	1
76	48	1
76	50	1
76	52	1
76	54	1
76	56	1
76	58	1
76	60	1
76	62	1
76	64	1
76	66	1
76	68	1
76	70	1
76	72	1
76	74	1
76	76	1
76	78	1
76	80	1
76	82	1
76	84	1
76	86	1
76	88	1
76	90	1
76	92	1
76	94	1
76	96	1
76	98	1
76	100	1
76	102	1
76	104	1
76	106	1
76	108	1
76	110	1
76	112	1
76	114	1
76	116	1
76	118	1
76	120	1
76	122	1
76	124	1
76	126	1
76	128	1
76	130	1
76	132	1
76	134	1
76	136	1
76	138	1
76	140	1
76	142	1
76	144	1
76	146	1
76	148	1
76	150	1
76	152	1
76	154	1
76	156	1
76	158	1
76	160	1
76	162	1
76	164	1
76	166	1
76	168	1
76	170	1
76	172	1
76	174	1
76	176	1
76	178	1
76	180	1
76	182	1
76	184	1
76	186	1
76	188	0.999994
76	190	0.99978
76	192	0.994197
76	194	0.895982
78	2	0.895982
78	4	0.994197
78	6	0.99978
78	8	0.999994
78	10	1
78	12	1
78	14	1
78	16	1
78	18	1
78	20	1
78	22	1
78	24	1
78	26	1
78	28	1
78	30	1
78	32	1
78	34	1
78	36	1
78	38	1
78	40	1
78	42	1
78	44	1
78	46	1
78	48	1
78	50	1
78	52	1
78	54	1
78	56	1
78	58	1
78	60	1
78	62	1
78	64	1
78	66	1
78	68	1
78	70	1
78	72	1
78	74	1
78	76	1
78	78	1
78	80	1
78	82	1
78	84	1
78	86	1
78	88	1
78	90	1
78	92	1
78	94	1
78	96	1
78	98	1
78	100	1
78	102	1
78	104	1
78	106	1
78	108	1
78	110	1
78	112	1
78	114	1
78	116	1
78	118	1
78	120	1
78	122	1
78	124	1
78	126	1
78	128	1
78	130	1
78	132	1
78	134	1
78	136	1
78	138	1
78	140	1
78	142	1
78	144	1
78	146	1
78	148	1
78	150	1
78	152	1
78	154	1
78	156	1
78	158	1
78	160	1
78	162	1
78	164	1
78	166	1
78	168	1
78	170	1
78	172	1
78	174	1
78	176	1
78	178	1
78	180	1
78	182	1
78	184	1
78	186	1
78	188	0.999994
78	190	0.99978
78	192	0.994197
78	194	0.895982
80	2	0.895982
80	4	0.994197
80	6	0.99978
80	8	0.999994
80	10	1
80	12	1
80	14	1
80	16	1
80	18	1
80	20	1
80	22	1
80	24	1
80	26	1
80	28	1
80	30	1
80	32	1
80	34	1
80	36	1
80	38	1
80	40	1
80	42	1
80	44	1
80	46	1
80	48	1
80	50	1
80	52	1
80	54	1
80	56	1
80	58	1
80	60	1
80	62	1
80	64	1
80	66	1
80	68	1
80	70	1
80	72	1
80	74	1
80	76	1
80	78	1
80	80	1
80	82	1
80	84	1
80	86	1
80	88	1
80	90	1
80	92	1
80	94	1
80	96	1
80	98	1
80	100	1
80	102	1
80	104	1
80	106	1
80	108	1
80	110	1
80	112	1
80	114	1
80	116	1
80	118	1
80	120	1
80	122	1
80	124	1
80	126	1
80	128	1
80	130	1
80	132	1
80	134	1
80	136	1
80	138	1
80	140	1
80	142	1
80	144	1
80	146	1
80	148	1
80	150	1
80	152	1
80	154	1
80	156	1
80	158	1
80	160	1
80	162	1
80	164	1
80	166	1
80	168	1
80	170	1
80	172	1
80	174	1
80	176	1
80	178	1
80	180	1
80	182	1
80	184	1
80	186	1
80	188	0.999994
80	190	0.99978
80	192	0.994197
80	194	0.895982
82	2	0.895982
82	4	0.994197
82	6	0.99978
82	8	0.999994
82	10	1
82	12	1
82	14	1
82	16	1
82	18	1
82	20	1
82	22	1
82	24	1
82	26	1
82	28	1
82	30	1
82	32	1
82	34	1
82	36	1
82	38	1
82	40	1
82	42	1
82	44	1
82	46	1
82	48	1
82	50	1
82	52	1
82	54	1
82	56	1
82	58	1
82	60	1
82	62	1
82	64	1
82	66	1
82	68	1
82	70	1
82	72	1
82	74	1
82	76	1
82	78	1
82	80	1
82	82	1
82	84	1
82	86	1
82	88	1
82	90	1
82	92	1
82	94	1
82	96	1
82	98	1
82	100	1
82	102	1
82	104	1
82	106	1
82	108	1
82	110	1
82	112	1
82	114	1
82	116	1
82	118	1
82	120	1
82	122	1
82	124	1
82	126	1
82	128	1
82	130	1
82	132	1
82	134	1
82	136	1
82	138	1
82	140	1
82	142	1
82	144	1
82	146	1
82	148	1
82	150	1
82	152	1
82	154	1
82	156	1
82	158	1
82	160	1
82	162	1
82	164	1
82	166	1
82	168	1
82	170	1
82	172	1
82	174	1
82	176	1
82	178	1
82	180	1
82	182	1
82	184	1
82	186	1
82	188	0.999994
82	190	0.99978
82	192	0.994197
82	194	0.895982
84	2	0.895982
84	4	0.994197
84	6	0.99978
84	8	0.999994
84	10	1
84	12	1
84	14	1
84	16	1
84	18	1
84	20	1
84	22	1
84	24	1
84	26	1
84	28	1
84	30	1
84	32	1
84	34	1
84	36	1
84	38	1
84	40	1
84	42	1
84	44	1
84	46	1
84	48	1
84	50	1
84	52	1
84	54	1
84	56	1
84	58	1
84	60	1
84	62	1
84	64	1
84	66	1
84	68	1
84	70	1
84	72	1
84	74	1
84	76	1
84	78	1
84	80	1
84	82	1
84	84	1
84	86	1
84	88	1
84	90	1
84	92	1
84	94	1
84	96	1
84	98	1
84	100	1
84	102	1
84	104	1
84	106	1
84	108	1
84	110	1
84	112	1
84	114	1
84	116	1
84	118	1
84	120	1
84	122	1
84	124	1
84	126	1
84	128	1
84	130	1
84	132	1
84	134	1
84	136	1
84	138	1
84	140	1
84	142	1
84	144	1
84	146	1
84	148	1
84	150	1
84	152	1
84	154	1
84	156	1
84	158	1
84	160	1
84	162	1
84	164	1
84	166	1
84	168	1
84	170	1
84	172	1
84	174	1
84	176	1
84	178	1
84	180	1
84	182	1
84	184	1
84	186	1
84	188	0.999994
84	190	0.99978
84	192	0.994197
84	194	0.895982
86	2	0.895982
86	4	0.994197
86	6	0.99978
86	8	0.999994
86	10	1
86	12	1
86	14	1
86	16	1
86	18	1
86	20	1
86	22	1
86	24	1
86	26	1
86	28	1
86	30	1
86	32	1
86	34	1
86	36	1
86	38	1
86	40	1
86	42	1
86	44	1
86	46	1
86	48	1
86	50	1
86	52	1
86	54	1
86	56	1
86	58	1
86	60	1
86	62	1
86	64	1
86	66	1
86	68	1
86	70	1
86	72	1
86	74	1
86	76	1
86	78	1
86	80	1
86	82	1
86	84	1
86	86	1
86	88	1
86	90	1
86	92	1
86	94	1
86	96	1
86	98	1
86	100	1
86	102	1
86	104	1
86	106	1
86	108	1
86	110	1
86	112	1
86	114	1
86	116	1
86	118	1
86	120	1
86	122	1
86	124	1
86	126	1
86	128	1
86	130	1
86	132	1
86	134	1
86	136	1
86	138	1
86	140	1
86	142	1
86	144	1
86	146	1
86	148	1
86	150	1
86	152	1
86	154	1
86	156	1
86	158	1
86	160	1
86	162	1
86	164	1
86	166	1
86	168	1
86	170	1
86	172	1
86	174	1
86	176	1
86	178	1
86	180	1
86	182	1
86	184	1
86	186	1
86	188	0.999994
86	190	0.99978
86	192	0.994197
86	194	0.895982
88	2	0.895976
88	4	0.994191
88	6	0.999774
88	8	0.999987
88	10	0.999994
88	12	0.999994
88	14	0.999994
88	16	0.999994
88	18	0.999994
88	20	0.999994
88	22	0.999994
88	24	0.999994
88	26	0.999994
88	28	0.999994
88	30	0.999994
88	32	0.999994
88	34	0.999994
88	36	0.999994
88	38	0.999994
88	40	0.999994
88	42	0.999994
88	44	0.999994
88	46	0.999994
88	48	0.999994
88	50	0.999994
88	52	0.999994
88	54	0.999994
88	56	0.999994
88	58	0.999994
88	60	0.999994
88	62	0.999994
88	64	0.999994
88	66	0.999994
88	68	0.999994
88	70	0.999994
88	72	0.999994
88	74	0.999994
88	76	0.999994
88	78	0.999994
88	80	0.999994
88	82	0.999994
88	84	0.999994
88	86	0.999994
88	88	0.999994
88	90	0.999994
88	92	0.999994
88	94	0.999994
88	96	0.999994
88	98	0.999994
88	100	0.999994
88	102	0.999994
88	104	0.999994
88	106	0.999994
88	108	0.999994
88	110	0.999994
88	112	0.999994
88	114	0.999994
88	116	0.999994
88	118	0.999994
88	120	0.999994
88	122	0.999994
88	124	0.999994
88	126	0.999994
88	128	0.999994
88	130	0.999994
88	132	0.999994
88	134	0.999994
88	136	0.999994
88	138	0.999994
88	140	0.999994
88	142	0.999994
88	144	0.999994
88	146	0.999994
88	148	0.999994
88	150	0.999994
88	152	0.999994
88	154	0.999994
88	156	0.999994
88	158	0.999994
88	160	0.999994
88	162	0.999994
88	164	0.999994
88	166	0.999994
88	168	0.999994
88	170	0.999994
88	172	0.999994
88	174	0.999994
88	176	0.999994
88	178	0.999994
88	180	0.999994
88	182	0.999994
88	184	0.999994
88	186	0.999994
88	188	0.999987
88	190	0.999774
88	192	0.994191
88	194	0.895976
90	2	0.895785
90	4	0.993979
90	6	0.999561
90	8	0.999774
90	10	0.99978
90	12	0.99978
90	14	0.99978
90	16	0.99978
90	18	0.99978
90	20	0.99978
90	22	0.99978
90	24	0.99978
90	26	0.99978
90	28	0.99978
90	30	0.99978
90	32	0.99978
90	34	0.99978
90	36	0.99978
90	38	0.99978
90	40	0.99978
90	42	0.99978
90	44	0.99978
90	46	0.99978
90	48	0.99978
90	50	0.99978
90	52	0.99978
90	54	0.99978
90	56	0.99978
90	58	0.99978
90	60	0.99978
90	62	0.99978
90	64	0.99978
90	66	0.99978
90	68	0.99978
90	70	0.99978
90	72	0.99978
90	74	0.99978
90	76	0.99978
90	78	0.99978
90	80	0.99978
90	82	0.99978
90	84	0.99978
90	86	0.99978
90	88	0.99978
90	90	0.99978
90	92	0.99978
90	94	0.99978
90	96	0.99978
90	98	0.99978
90	100	0.99978
90	102	0.99978
90	104	0.99978
90	106	0.99978
90	108	0.99978
90	110	0.99978
90	112	0.99978
90	114	0.99978
90	116	0.99978
90	118	0.99978
90	120	0.99978
90	122	0.99978
90	124	0.99978
90	126	0.99978
90	128	0.99978
90	130	0.99978
90	132	0.99978
90	134	0.99978
90	136	0.99978
90	138	0.99978
90	140	0.99978
90	142	0.99978
90	144	0.99978
90	146	0.99978
90	148	0.99978
90	150	0.99978
90	152	0.99978
90	154	0.99978
90	156	0.99978
90	158	0.99978
90	160	0.99978
90	162	0.99978
90	164	0.99978
90	166	0.99978
90	168	0.99978
90	170	0.99978
90	172	0.99978
90	174	0.99978
90	176	0.99978
90	178	0.99978
90	180	0.99978
90	182	0.99978
90	184	0.99978
90	186	0.99978
90	188	0.999774
90	190	0.999561
90	192	0.993979
90	194	0.895785
92	2	0.89078
92	4	0.988427
92	6	0.993979
92	8	0.994191
92	10	0.994197
92	12	0.994197
92	14	0.994197
92	16	0.994197
92	18	0.994197
92	20	0.994197
92	22	0.994197
92	24	0.994197
92	26	0.994197
92	28	0.994197
92	30	0.994197
92	32	0.994197
92	34	0.994197
92	36	0.994197
92	38	0.994197
92	40	0.994197
92	42	0.994197
92	44	0.994197
92	46	0.994197
92	48	0.994197
92	50	0.994197
92	52	0.994197
92	54	0.994197
92	56	0.994197
92	58	0.994197
92	60	0.994197
92	62	0.994197
92	64	0.994197
92	66	0.994197
92	68	0.994197
92	70	0.994197
92	72	0.994197
92	74	0.994197
92	76	0.994197
92	78	0.994197
92	80	0.994197
92	82	0.994197
92	84	0.994197
92	86	0.994197
92	88	0.994197
92	90	0.994197
92	92	0.994197
92	94	0.994197
92	96	0.994197
92	98	0.994197
92	100	0.994197
92	102	0.994197
92	104	0.994197
92	106	0.994197
92	108	0.994197
92	110	0.994197
92	112	0.994197
92	114	0.994197
92	116	0.994197
92	118	0.994197
92	120	0.994197
92	122	0.994197
92	124	0.994197
92	126	0.994197
92	128	0.994197
92	130	0.994197
92	132	0.994197
92	134	0.994197
92	136	0.994197
92	138	0.994197
92	140	0.994197
92	142	0.994197
92	144	0.994197
92	146	0.994197
92	148	0.994197
92	150	0.994197
92	152	0.994197
92	154	0.994197
92	156	0.994197
92	158	0.994197
92	160	0.994197
92	162	0.994197
92	164	0.994197
92	166	0.994197
92	168	0.994197
92	170	0.994197
92	172	0.994197
92	174	0.994197
92	176	0.994197
92	178	0.994197
92	180	0.994197
92	182	0.994197
92	184	0.994197
92	186	0.994197
92	188	0.994191
92	190	0.993979
92	192	0.988427
92	194	0.89078
94	2	0.802762
94	4	0.89078
94	6	0.895785
94	8	0.895976
94	10	0.895982
94	12	0.895982
94	14	0.895982
94	16	0.895982
94	18	0.895982
94	20	0.895982
94	22	0.895982
94	24	0.895982
94	26	0.895982
94	28	0.895982
94	30	0.895982
94	32	0.895982
94	34	0.895982
94	36	0.895982
94	38	0.895982
94	40	0.895982
94	42	0.895982
94	44	0.895982
94	46	0.895982
94	48	0.895982
94	50	0.895982
94	52	0.895982
94	54	0.895982
94	56	0.895982
94	58	0.895982
94	60	0.895982
94	62	0.895982
94	64	0.895982
94	66	0.895982
94	68	0.895982
94	70	0.895982
94	72	0.895982
94	74	0.895982
94	76	0.895982
94	78	0.895982
94	80	0.895982
94	82	0.895982
94	84	0.895982
94	86	0.895982
94	88	0.895982
94	90	0.895982
94	92	0.895982
94	94	0.895982
94	96	0.895982
94	98	0.895982
94	100	0.895982
94	102	0.895982
94	104	0.895982
94	106	0.895982
94	108	0.895982
94	110	0.895982
94	112	0.895982
94	114	0.895982
94	116	0.895982
94	118	0.895982
94	120	0.895982
94	122	0.895982
94	124	0.895982
94	126	0.895982
94	128	0.895982
94	130	0.895982
94	132	0.895982
94	134	0.895982
94	136	0.895982
94	138	0.895982
94	140	0.895982
94	142	0.895982
94	144	0.895982
94	146	0.895982
94	148	0.895982
94	150	0.895982
94	152	0.895982
94	154	0.895982
94	156	0.895982
94	158	0.895982
94	160	0.895982
94	162	0.895982
94	164	0.895982
94	166	0.895982
94	168	0.895982
94	170	0.895982
94	172	0.895982
94	174	0.895982
94	176	0.895982
94	178	0.895982
94	180	0.895982
94	182	0.895982
94	184	0.895982
94	186	0.895982
94	188	0.895976
94	190	0.895785
94	192	0.89078
94	194	0.802762
