2	2	1
2	4	1
2	6	1
2	8	1
2	10	1
2	12	1
2	14	1
2	16	1
2	18	1
2	20	1
2	22	1
2	24	1
2	26	1
2	28	1
2	30	1
2	32	1
2	34	1
2	36	1
2	38	1
2	40	1
2	42	1
2	44	1
2	46	1
2	48	1
2	50	1
2	52	1
2	54	1
2	56	1
2	58	1
2	60	1
2	62	1
2	64	1
2	66	1
2	68	1
2	70	1
2	72	1
2	74	1
2	76	1
2	78	1
2	80	1
2	82	1
2	84	1
2	86	1
2	88	1
2	90	1
2	92	1
2	94	1
2	96	1
2	98	1
2	100	1
2	102	1
2	104	1
2	106	1
2	108	1
2	110	1
2	112	1
2	114	1
2	116	1
2	118	1
2	120	1
2	122	1
2	124	1
2	126	1
2	128	1
2	130	1
2	132	1
2	134	1
2	136	1
2	138	1
2	140	1
2	142	1
2	144	1
2	146	1
2	148	1
2	150	1
2	152	1
2	154	1
2	156	1
2	158	1
2	160	1
2	162	1
2	164	1
2	166	1
2	168	1
2	170	1
2	172	1
2	174	1
2	176	1
2	178	1
2	180	1
2	182	1
2	184	1
2	186	1
2	188	1
2	190	1
2	192	1
2	194	1
2	196	1
4	2	1
4	4	1
4	6	1
4	8	1
4	10	1
4	12	1
4	14	1
4	16	1
4	18	1
4	20	1
4	22	1
4	24	1
4	26	1
4	28	1
4	30	1
4	32	1
4	34	1
4	36	1
4	38	1
4	40	1
4	42	1
4	44	1
4	46	1
4	48	1
4	50	1
4	52	1
4	54	1
4	56	1
4	58	1
4	60	1
4	62	1
4	64	1
4	66	1
4	68	1
4	70	1
4	72	1
4	74	1
4	76	1
4	78	1
4	80	1
4	82	1
4	84	1
4	86	1
4	88	1
4	90	1
4	92	1
4	94	1
4	96	1
4	98	1
4	100	1
4	102	1
4	104	1
4	106	1
4	108	1
4	110	1
4	112	1
4	114	1
4	116	1
4	118	1
4	120	1
4	122	1
4	124	1
4	126	1
4	128	1
4	130	1
4	132	1
4	134	1
4	136	1
4	138	1
4	140	1
4	142	1
4	144	1
4	146	1
4	148	1
4	150	1
4	152	1
4	154	1
4	156	1
4	158	1
4	160	1
4	162	1
4	164	1
4	166	1
4	168	1
4	170	1
4	172	1
4	174	1
4	176	1
4	178	1
4	180	1
4	182	1
4	184	1
4	186	1
4	188	1
4	190	1
4	192	1
4	194	1
4	196	1
6	2	1
6	4	1
6	6	1
6	8	1
6	10	1
6	12	1
6	14	1
6	16	1
6	18	1
6	20	1
6	22	1
6	24	1
6	26	1
6	28	1
6	30	1
6	32	1
6	34	1
6	36	1
6	38	1
6	40	1
6	42	1
6	44	1
6	46	1
6	48	1
6	50	1
6	52	1
6	54	1
6	56	1
6	58	1
6	60	1
6	62	1
6	64	1
6	66	1
6	68	1
6	70	1
6	72	1
6	74	1
6	76	1
6	78	1
6	80	1
6	82	1
6	84	1
6	86	1
6	88	1
6	90	1
6	92	1
6	94	1
6	96	1
6	98	1
6	100	1
6	102	1
6	104	1
6	106	1
6	108	1
6	110	1
6	112	1
6	114	1
6	116	1
6	118	1
6	120	1
6	122	1
6	124	1
6	126	1
6	128	1
6	130	1
6	132	1
6	134	1
6	136	1
6	138	1
6	140	1
6	142	1
6	144	1
6	146	1
6	148	1
6	150	1
6	152	1
6	154	1
6	156	1
6	158	1
6	160	1
6	162	1
6	164	1
6	166	1
6	168	1
6	170	1
6	172	1
6	174	1
6	176	1
6	178	1
6	180	1
6	182	1
6	184	1
6	186	1
6	188	1
6	190	1
6	192	1
6	194	1
6	196	1
8	2	1
8	4	1
8	6	1
8	8	1
8	10	1
8	12	1
8	14	1
8	16	1
8	18	1
8	20	1
8	22	1
8	24	1
8	26	1
8	28	1
8	30	1
8	32	1
8	34	1
8	36	1
8	38	1
8	40	1
8	42	1
8	44	1
8	46	1
8	48	1
8	50	1
8	52	1
8	54	1
8	56	1
8	58	1
8	60	1
8	62	1
8	64	1
8	66	1
8	68	1
8	70	1
8	72	1
8	74	1
8	76	1
8	78	1
8	80	1
8	82	1
8	84	1
8	86	1
8	88	1
8	90	1
8	92	1
8	94	1
8	96	1
8	98	1
8	100	1
8	102	1
8	104	1
8	106	1
8	108	1
8	110	1
8	112	1
8	114	1
8	116	1
8	118	1
8	120	1
8	122	1
8	124	1
8	126	1
8	128	1
8	130	1
8	132	1
8	134	1
8	136	1
8	138	1
8	140	1
8	142	1
8	144	1
8	146	1
8	148	1
8	150	1
8	152	1
8	154	1
8	156	1
8	158	1
8	160	1
8	162	1
8	164	1
8	166	1
8	168	1
8	170	1
8	172	1
8	174	1
8	176	1
8	178	1
8	180	1
8	182	1
8	184	1
8	186	1
8	188	1
8	190	1
8	192	1
8	194	1
8	196	1
10	2	1
10	4	1
10	6	1
10	8	1
10	10	1
10	12	1
10	14	1
10	16	1
10	18	1
10	20	1
10	22	1
10	24	1
10	26	1
10	28	1
10	30	1
10	32	1
10	34	1
10	36	1
10	38	1
10	40	1
10	42	1
10	44	1
10	46	1
10	48	1
10	50	1
10	52	1
10	54	1
10	56	1
10	58	1
10	60	1
10	62	1
10	64	1
10	66	1
10	68	1
10	70	1
10	72	1
10	74	1
10	76	1
10	78	1
10	80	1
10	82	1
10	84	1
10	86	1
10	88	1
10	90	1
10	92	1
10	94	1
10	96	1
10	98	1
10	100	1
10	102	1
10	104	1
10	106	1
10	108	1
10	110	1
10	112	1
10	114	1
10	116	1
10	118	1
10	120	1
10	122	1
10	124	1
10	126	1
10	128	1
10	130	1
10	132	1
10	134	1
10	136	1
10	138	1
10	140	1
10	142	1
10	144	1
10	146	1
10	148	1
10	150	1
10	152	1
10	154	1
10	156	1
10	158	1
10	160	1
10	162	1
10	164	1
10	166	1
10	168	1
10	170	1
10	172	1
10	174	1
10	176	1
10	178	1
10	180	1
10	182	1
10	184	1
10	186	1
10	188	1
10	190	1
10	192	1
10	194	1
10	196	1
12	2	1
12	4	1
12	6	1
12	8	1
12	10	1
12	12	1
12	14	1
12	16	1
12	18	1
12	20	1
12	22	1
12	24	1
12	26	1
12	28	1
12	30	1
12	32	1
12	34	1
12	36	1
12	38	1
12	40	1
12	42	1
12	44	1
12	46	1
12	48	1
12	50	1
12	52	1
12	54	1
12	56	1
12	58	1
12	60	1
12	62	1
12	64	1
12	66	1
12	68	1
12	70	1
12	72	1
12	74	1
12	76	1
12	78	1
12	80	1
12	82	1
12	84	1
12	86	1
12	88	1
12	90	1
12	92	1
12	94	1
12	96	1
12	98	1
12	100	1
12	102	1
12	104	1
12	106	1
12	108	1
12	110	1
12	112	1
12	114	1
12	116	1
12	118	1
12	120	1
12	122	1
12	124	1
12	126	1
12	128	1
12	130	1
12	132	1
12	134	1
12	136	1
12	138	1
12	140	1
12	142	1
12	144	1
12	146	1
12	148	1
12	150	1
12	152	1
12	154	1
12	156	1
12	158	1
12	160	1
12	162	1
12	164	1
12	166	1
12	168	1
12	170	1
12	172	1
12	174	1
12	176	1
12	178	1
12	180	1
12	182	1
12	184	1
12	186	1
12	188	1
12	190	1
12	192	1
12	194	1
12	196	1
14	2	1
14	4	1
14	6	1
14	8	1
14	10	1
14	12	1
14	14	1
14	16	1
14	18	1
14	20	1
14	22	1
14	24	1
14	26	1
14	28	1
14	30	1
14	32	1
14	34	1
14	36	1
14	38	1
14	40	1
14	42	1
14	44	1
14	46	1
14	48	1
14	50	1
14	52	1
14	54	1
14	56	1
14	58	1
14	60	1
14	62	1
14	64	1
14	66	1
14	68	1
14	70	1
14	72	1
14	74	1
14	76	1
14	78	1
14	80	1
14	82	1
14	84	1
14	86	1
14	88	1
14	90	1
14	92	1
14	94	1
14	96	1
14	98	1
14	100	1
14	102	1
14	104	1
14	106	1
14	108	1
14	110	1
14	112	1
14	114	1
14	116	1
14	118	1
14	120	1
14	122	1
14	124	1
14	126	1
14	128	1
14	130	1
14	132	1
14	134	1
14	136	1
14	138	1
14	140	1
14	142	1
14	144	1
14	146	1
14	148	1
14	150	1
14	152	1
14	154	1
14	156	1
14	158	1
14	160	1
14	162	1
14	164	1
14	166	1
14	168	1
14	170	1
14	172	1
14	174	1
14	176	1
14	178	1
14	180	1
14	182	1
14	184	1
14	186	1
14	188	1
14	190	1
14	192	1
14	194	1
14	196	1
16	2	1
16	4	1
16	6	1
16	8	1
16	10	1
16	12	1
16	14	1
16	16	1
16	18	1
16	20	1
16	22	1
16	24	1
16	26	1
16	28	1
16	30	1
16	32	1
16	34	1
16	36	1
16	38	1
16	40	1
16	42	1
16	44	1
16	46	1
16	48	1
16	50	1
16	52	1
16	54	1
16	56	1
16	58	1
16	60	1
16	62	1
16	64	1
16	66	1
16	68	1
16	70	1
16	72	1
16	74	1
16	76	1
16	78	1
16	80	1
16	82	1
16	84	1
16	86	1
16	88	1
16	90	1
16	92	1
16	94	1
16	96	1
16	98	1
16	100	1
16	102	1
16	104	1
16	106	1
16	108	1
16	110	1
16	112	1
16	114	1
16	116	1
16	118	1
16	120	1
16	122	1
16	124	1
16	126	1
16	128	1
16	130	1
16	132	1
16	134	1
16	136	1
16	138	1
16	140	1
16	142	1
16	144	1
16	146	1
16	148	1
16	150	1
16	152	1
16	154	1
16	156	1
16	158	1
16	160	1
16	162	1
16	164	1
16	166	1
16	168	1
16	170	1
16	172	1
16	174	1
16	176	1
16	178	1
16	180	1
16	182	1
16	184	1
16	186	1
16	188	1
16	190	1
16	192	1
16	194	1
16	196	1
18	2	1
18	4	1
18	6	1
18	8	1
18	10	1
18	12	1
18	14	1
18	16	1
18	18	1
18	20	1
18	22	1
18	24	1
18	26	1
18	28	1
18	30	1
18	32	1
18	34	1
18	36	1
18	38	1
18	40	1
18	42	1
18	44	1
18	46	1
18	48	1
18	50	1
18	52	1
18	54	1
18	56	1
18	58	1
18	60	1
18	62	1
18	64	1
18	66	1
18	68	1
18	70	1
18	72	1
18	74	1
18	76	1
18	78	1
18	80	1
18	82	1
18	84	1
18	86	1
18	88	1
18	90	1
18	92	1
18	94	1
18	96	1
18	98	1
18	100	1
18	102	1
18	104	1
18	106	1
18	108	1
18	110	1
18	112	1
18	114	1
18	116	1
18	118	1
18	120	1
18	122	1
18	124	1
18	126	1
18	128	1
18	130	1
18	132	1
18	134	1
18	136	1
18	138	1
18	140	1
18	142	1
18	144	1
18	146	1
18	148	1
18	150	1
18	152	1
18	154	1
18	156	1
18	158	1
18	160	1
18	162	1
18	164	1
18	166	1
18	168	1
18	170	1
18	172	1
18	174	1
18	176	1
18	178	1
18	180	1
18	182	1
18	184	1
18	186	1
18	188	1
18	190	1
18	192	1
18	194	1
18	196	1
20	2	1
20	4	1
20	6	1
20	8	1
20	10	1
20	12	1
20	14	1
20	16	1
20	18	1
20	20	1
20	22	1
20	24	1
20	26	1
20	28	1
20	30	1
20	32	1
20	34	1
20	36	1
20	38	1
20	40	1
20	42	1
20	44	1
20	46	1
20	48	1
20	50	1
20	52	1
20	54	1
20	56	1
20	58	1
20	60	1
20	62	1
20	64	1
20	66	1
20	68	1
20	70	1
20	72	1
20	74	1
20	76	1
20	78	1
20	80	1
20	82	1
20	84	1
20	86	1
20	88	1
20	90	1
20	92	1
20	94	1
20	96	1
20	98	1
20	100	1
20	102	1
20	104	1
20	106	1
20	108	1
20	110	1
20	112	1
20	114	1
20	116	1
20	118	1
20	120	1
20	122	1
20	124	1
20	126	1
20	128	1
20	130	1
20	132	1
20	134	1
20	136	1
20	138	1
20	140	1
20	142	1
20	144	1
20	146	1
20	148	1
20	150	1
20	152	1
20	154	1
20	156	1
20	158	1
20	160	1
20	162	1
20	164	1
20	166	1
20	168	1
20	170	1
20	172	1
20	174	1
20	176	1
20	178	1
20	180	1
20	182	1
20	184	1
20	186	1
20	188	1
20	190	1
20	192	1
20	194	1
20	196	1
22	2	1
22	4	1
22	6	1
22	8	1
22	10	1
22	12	1
22	14	1
22	16	1
22	18	1
22	20	1
22	22	1
22	24	1
22	26	1
22	28	1
22	30	1
22	32	1
22	34	1
22	36	1
22	38	1
22	40	1
22	42	1
22	44	1
22	46	1
22	48	1
22	50	1
22	52	1
22	54	1
22	56	1
22	58	1
22	60	1
22	62	1
22	64	1
22	66	1
22	68	1
22	70	1
22	72	1
22	74	1
22	76	1
22	78	1
22	80	1
22	82	1
22	84	1
22	86	1
22	88	1
22	90	1
22	92	1
22	94	1
22	96	1
22	98	1
22	100	1
22	102	1
22	104	1
22	106	1
22	108	1
22	110	1
22	112	1
22	114	1
22	116	1
22	118	1
22	120	1
22	122	1
22	124	1
22	126	1
22	128	1
22	130	1
22	132	1
22	134	1
22	136	1
22	138	1
22	140	1
22	142	1
22	144	1
22	146	1
22	148	1
22	150	1
22	152	1
22	154	1
22	156	1
22	158	1
22	160	1
22	162	1
22	164	1
22	166	1
22	168	1
22	170	1
22	172	1
22	174	1
22	176	1
22	178	1
22	180	1
22	182	1
22	184	1
22	186	1
22	188	1
22	190	1
22	192	1
22	194	1
22	196	1
24	2	1
24	4	1
24	6	1
24	8	1
24	10	1
24	12	1
24	14	1
24	16	1
24	18	1
24	20	1
24	22	1
24	24	1
24	26	1
24	28	1
24	30	1
24	32	1
24	34	1
24	36	1
24	38	1
24	40	1
24	42	1
24	44	1
24	46	1
24	48	1
24	50	1
24	52	1
24	54	1
24	56	1
24	58	1
24	60	1
24	62	1
24	64	1
24	66	1
24	68	1
24	70	1
24	72	1
24	74	1
24	76	1
24	78	1
24	80	1
24	82	1
24	84	1
24	86	1
24	88	1
24	90	1
24	92	1
24	94	1
24	96	1
24	98	1
24	100	1
24	102	1
24	104	1
24	106	1
24	108	1
24	110	1
24	112	1
24	114	1
24	116	1
24	118	1
24	120	1
24	122	1
24	124	1
24	126	1
24	128	1
24	130	1
24	132	1
24	134	1
24	136	1
24	138	1
24	140	1
24	142	1
24	144	1
24	146	1
24	148	1
24	150	1
24	152	1
24	154	1
24	156	1
24	158	1
24	160	1
24	162	1
24	164	1
24	166	1
24	168	1
24	170	1
24	172	1
24	174	1
24	176	1
24	178	1
24	180	1
24	182	1
24	184	1
24	186	1
24	188	1
24	190	1
24	192	1
24	194	1
24	196	1
26	2	1
26	4	1
26	6	1
26	8	1
26	10	1
26	12	1
26	14	1
26	16	1
26	18	1
26	20	1
26	22	1
26	24	1
26	26	1
26	28	1
26	30	1
26	32	1
26	34	1
26	36	1
26	38	1
26	40	1
26	42	1
26	44	1
26	46	1
26	48	1
26	50	1
26	52	1
26	54	1
26	56	1
26	58	1
26	60	1
26	62	1
26	64	1
26	66	1
26	68	1
26	70	1
26	72	1
26	74	1
26	76	1
26	78	1
26	80	1
26	82	1
26	84	1
26	86	1
26	88	1
26	90	1
26	92	1
26	94	1
26	96	1
26	98	1
26	100	1
26	102	1
26	104	1
26	106	1
26	108	1
26	110	1
26	112	1
26	114	1
26	116	1
26	118	1
26	120	1
26	122	1
26	124	1
26	126	1
26	128	1
26	130	1
26	132	1
26	134	1
26	136	1
26	138	1
26	140	1
26	142	1
26	144	1
26	146	1
26	148	1
26	150	1
26	152	1
26	154	1
26	156	1
26	158	1
26	160	1
26	162	1
26	164	1
26	166	1
26	168	1
26	170	1
26	172	1
26	174	1
26	176	1
26	178	1
26	180	1
26	182	1
26	184	1
26	186	1
26	188	1
26	190	1
26	192	1
26	194	1
26	196	1
28	2	1
28	4	1
28	6	1
28	8	1
28	10	1
28	12	1
28	14	1
28	16	1
28	18	1
28	20	1
28	22	1
28	24	1
28	26	1
28	28	1
28	30	1
28	32	1
28	34	1
28	36	1
28	38	1
28	40	1
28	42	1
28	44	1
28	46	1
28	48	1
28	50	1
28	52	1
28	54	1
28	56	1
28	58	1
28	60	1
28	62	1
28	64	1
28	66	1
28	68	1
28	70	1
28	72	1
28	74	1
28	76	1
28	78	1
28	80	1
28	82	1
28	84	1
28	86	1
28	88	1
28	90	1
28	92	1
28	94	1
28	96	1
28	98	1
28	100	1
28	102	1
28	104	1
28	106	1
28	108	1
28	110	1
28	112	1
28	114	1
28	116	1
28	118	1
28	120	1
28	122	1
28	124	1
28	126	1
28	128	1
28	130	1
28	132	1
28	134	1
28	136	1
28	138	1
28	140	1
28	142	1
28	144	1
28	146	1
28	148	1
28	150	1
28	152	1
28	154	1
28	156	1
28	158	1
28	160	1
28	162	1
28	164	1
28	166	1
28	168	1
28	170	1
28	172	1
28	174	1
28	176	1
28	178	1
28	180	1
28	182	1
28	184	1
28	186	1
28	188	1
28	190	1
28	192	1
28	194	1
28	196	1
30	2	1
30	4	1
30	6	1
30	8	1
30	10	1
30	12	1
30	14	1
30	16	1
30	18	1
30	20	1
30	22	1
30	24	1
30	26	1
30	28	1
30	30	1
30	32	1
30	34	1
30	36	1
30	38	1
30	40	1
30	42	1
30	44	1
30	46	1
30	48	1
30	50	1
30	52	1
30	54	1
30	56	1
30	58	1
30	60	1
30	62	1
30	64	1
30	66	1
30	68	1
30	70	1
30	72	1
30	74	1
30	76	1
30	78	1
30	80	1
30	82	1
30	84	1
30	86	1
30	88	1
30	90	1
30	92	1
30	94	1
30	96	1
30	98	1
30	100	1
30	102	1
30	104	1
30	106	1
30	108	1
30	110	1
30	112	1
30	114	1
30	116	1
30	118	1
30	120	1
30	122	1
30	124	1
30	126	1
30	128	1
30	130	1
30	132	1
30	134	1
30	136	1
30	138	1
30	140	1
30	142	1
30	144	1
30	146	1
30	148	1
30	150	1
30	152	1
30	154	1
30	156	1
30	158	1
30	160	1
30	162	1
30	164	1
30	166	1
30	168	1
30	170	1
30	172	1
30	174	1
30	176	1
30	178	1
30	180	1
30	182	1
30	184	1
30	186	1
30	188	1
30	190	1
30	192	1
30	194	1
30	196	1
32	2	1
32	4	1
32	6	1
32	8	1
32	10	1
32	12	1
32	14	1
32	16	1
32	18	1
32	20	1
32	22	1
32	24	1
32	26	1
32	28	1
32	30	1
32	32	1
32	34	1
32	36	1
32	38	1
32	40	1
32	42	1
32	44	1
32	46	1
32	48	1
32	50	1
32	52	1
32	54	1
32	56	1
32	58	1
32	60	1
32	62	1
32	64	1
32	66	1
32	68	1
32	70	1
32	72	1
32	74	1
32	76	1
32	78	1
32	80	1
32	82	1
32	84	1
32	86	1
32	88	1
32	90	1
32	92	1
32	94	1
32	96	1
32	98	1
32	100	1
32	102	1
32	104	1
32	106	1
32	108	1
32	110	1
32	112	1
32	114	1
32	116	1
32	118	1
32	120	1
32	122	1
32	124	1
32	126	1
32	128	1
32	130	1
32	132	1
32	134	1
32	136	1
32	138	1
32	140	1
32	142	1
32	144	1
32	146	1
32	148	1
32	150	1
32	152	1
32	154	1
32	156	1
32	158	1
32	160	1
32	162	1
32	164	1
32	166	1
32	168	1
32	170	1
32	172	1
32	174	1
32	176	1
32	178	1
32	180	1
32	182	1
32	184	1
32	186	1
32	188	1
32	190	1
32	192	1
32	194	1
32	196	1
34	2	1
34	4	1
34	6	1
34	8	1
34	10	1
34	12	1
34	14	1
34	16	1
34	18	1
34	20	1
34	22	1
34	24	1
34	26	1
34	28	1
34	30	1
34	32	1
34	34	1
34	36	1
34	38	1
34	40	1
34	42	1
34	44	1
34	46	1
34	48	1
34	50	1
34	52	1
34	54	1
34	56	1
34	58	1
34	60	1
34	62	1
34	64	1
34	66	1
34	68	1
34	70	1
34	72	1
34	74	1
34	76	1
34	78	1
34	80	1
34	82	1
34	84	1
34	86	1
34	88	1
34	90	1
34	92	1
34	94	1
34	96	1
34	98	1
34	100	1
34	102	1
34	104	1
34	106	1
34	108	1
34	110	1
34	112	1
34	114	1
34	116	1
34	118	1
34	120	1
34	122	1
34	124	1
34	126	1
34	128	1
34	130	1
34	132	1
34	134	1
34	136	1
34	138	1
34	140	1
34	142	1
34	144	1
34	146	1
34	148	1
34	150	1
34	152	1
34	154	1
34	156	1
34	158	1
34	160	1
34	162	1
34	164	1
34	166	1
34	168	1
34	170	1
34	172	1
34	174	1
34	176	1
34	178	1
34	180	1
34	182	1
34	184	1
34	186	1
34	188	1
34	190	1
34	192	1
34	194	1
34	196	1
36	2	1
36	4	1
36	6	1
36	8	1
36	10	1
36	12	1
36	14	1
36	16	1
36	18	1
36	20	1
36	22	1
36	24	1
36	26	1
36	28	1
36	30	1
36	32	1
36	34	1
36	36	1
36	38	1
36	40	1
36	42	1
36	44	1
36	46	1
36	48	1
36	50	1
36	52	1
36	54	1
36	56	1
36	58	1
36	60	1
36	62	1
36	64	1
36	66	1
36	68	1
36	70	1
36	72	1
36	74	1
36	76	1
36	78	1
36	80	1
36	82	1
36	84	1
36	86	1
36	88	1
36	90	1
36	92	1
36	94	1
36	96	1
36	98	1
36	100	1
36	102	1
36	104	1
36	106	1
36	108	1
36	110	1
36	112	1
36	114	1
36	116	1
36	118	1
36	120	1
36	122	1
36	124	1
36	126	1
36	128	1
36	130	1
36	132	1
36	134	1
36	136	1
36	138	1
36	140	1
36	142	1
36	144	1
36	146	1
36	148	1
36	150	1
36	152	1
36	154	1
36	156	1
36	158	1
36	160	1
36	162	1
36	164	1
36	166	1
36	168	1
36	170	1
36	172	1
36	174	1
36	176	1
36	178	1
36	180	1
36	182	1
36	184	1
36	186	1
36	188	1
36	190	1
36	192	1
36	194	1
36	196	1
38	2	1
38	4	1
38	6	1
38	8	1
38	10	1
38	12	1
38	14	1
38	16	1
38	18	1
38	20	1
38	22	1
38	24	1
38	26	1
38	28	1
38	30	1
38	32	1
38	34	1
38	36	1
38	38	1
38	40	1
38	42	1
38	44	1
38	46	1
38	48	1
38	50	1
38	52	1
38	54	1
38	56	1
38	58	1
38	60	1
38	62	1
38	64	1
38	66	1
38	68	1
38	70	1
38	72	1
38	74	1
38	76	1
38	78	1
38	80	1
38	82	1
38	84	1
38	86	1
38	88	1
38	90	1
38	92	1
38	94	1
38	96	1
38	98	1
38	100	1
38	102	1
38	104	1
38	106	1
38	108	1
38	110	1
38	112	1
38	114	1
38	116	1
38	118	1
38	120	1
38	122	1
38	124	1
38	126	1
38	128	1
38	130	1
38	132	1
38	134	1
38	136	1
38	138	1
38	140	1
38	142	1
38	144	1
38	146	1
38	148	1
38	150	1
38	152	1
38	154	1
38	156	1
38	158	1
38	160	1
38	162	1
38	164	1
38	166	1
38	168	1
38	170	1
38	172	1
38	174	1
38	176	1
38	178	1
38	180	1
38	182	1
38	184	1
38	186	1
38	188	1
38	190	1
38	192	1
38	194	1
38	196	1
40	2	1
40	4	1
40	6	1
40	8	1
40	10	1
40	12	1
40	14	1
40	16	1
40	18	1
40	20	1
40	22	1
40	24	1
40	26	1
40	28	1
40	30	1
40	32	1
40	34	1
40	36	1
40	38	1
40	40	1
40	42	1
40	44	1
40	46	1
40	48	1
40	50	1
40	52	1
40	54	1
40	56	1
40	58	1
40	60	1
40	62	1
40	64	1
40	66	1
40	68	1
40	70	1
40	72	1
40	74	1
40	76	1
40	78	1
40	80	1
40	82	1
40	84	1
40	86	1
40	88	1
40	90	1
40	92	1
40	94	1
40	96	1
40	98	1
40	100	1
40	102	1
40	104	1
40	106	1
40	108	1
40	110	1
40	112	1
40	114	1
40	116	1
40	118	1
40	120	1
40	122	1
40	124	1
40	126	1
40	128	1
40	130	1
40	132	1
40	134	1
40	136	1
40	138	1
40	140	1
40	142	1
40	144	1
40	146	1
40	148	1
40	150	1
40	152	1
40	154	1
40	156	1
40	158	1
40	160	1
40	162	1
40	164	1
40	166	1
40	168	1
40	170	1
40	172	1
40	174	1
40	176	1
40	178	1
40	180	1
40	182	1
40	184	1
40	186	1
40	188	1
40	190	1
40	192	1
40	194	1
40	196	1
42	2	1
42	4	1
42	6	1
42	8	1
42	10	1
42	12	1
42	14	1
42	16	1
42	18	1
42	20	1
42	22	1
42	24	1
42	26	1
42	28	1
42	30	1
42	32	1
42	34	1
42	36	1
42	38	1
42	40	1
42	42	1
42	44	1
42	46	1
42	48	1
42	50	1
42	52	1
42	54	1
42	56	1
42	58	1
42	60	1
42	62	1
42	64	1
42	66	1
42	68	1
42	70	1
42	72	1
42	74	1
42	76	1
42	78	1
42	80	1
42	82	1
42	84	1
42	86	1
42	88	1
42	90	1
42	92	1
42	94	1
42	96	1
42	98	1
42	100	1
42	102	1
42	104	1
42	106	1
42	108	1
42	110	1
42	112	1
42	114	1
42	116	1
42	118	1
42	120	1
42	122	1
42	124	1
42	126	1
42	128	1
42	130	1
42	132	1
42	134	1
42	136	1
42	138	1
42	140	1
42	142	1
42	144	1
42	146	1
42	148	1
42	150	1
42	152	1
42	154	1
42	156	1
42	158	1
42	160	1
42	162	1
42	164	1
42	166	1
42	168	1
42	170	1
42	172	1
42	174	1
42	176	1
42	178	1
42	180	1
42	182	1
42	184	1
42	186	1
42	188	1
42	190	1
42	192	1
42	194	1
42	196	1
44	2	1
44	4	1
44	6	1
44	8	1
44	10	1
44	12	1
44	14	1
44	16	1
44	18	1
44	20	1
44	22	1
44	24	1
44	26	1
44	28	1
44	30	1
44	32	1
44	34	1
44	36	1
44	38	1
44	40	1
44	42	1
44	44	1
44	46	1
44	48	1
44	50	1
44	52	1
44	54	1
44	56	1
44	58	1
44	60	1
44	62	1
44	64	1
44	66	1
44	68	1
44	70	1
44	72	1
44	74	1
44	76	1
44	78	1
44	80	1
44	82	1
44	84	1
44	86	1
44	88	1
44	90	1
44	92	1
44	94	1
44	96	1
44	98	1
44	100	1
44	102	1
44	104	1
44	106	1
44	108	1
44	110	1
44	112	1
44	114	1
44	116	1
44	118	1
44	120	1
44	122	1
44	124	1
44	126	1
44	128	1
44	130	1
44	132	1
44	134	1
44	136	1
44	138	1
44	140	1
44	142	1
44	144	1
44	146	1
44	148	1
44	150	1
44	152	1
44	154	1
44	156	1
44	158	1
44	160	1
44	162	1
44	164	1
44	166	1
44	168	1
44	170	1
44	172	1
44	174	1
44	176	1
44	178	1
44	180	1
44	182	1
44	184	1
44	186	1
44	188	1
44	190	1
44	192	1
44	194	1
44	196	1
46	2	1
46	4	1
46	6	1
46	8	1
46	10	1
46	12	1
46	14	1
46	16	1
46	18	1
46	20	1
46	22	1
46	24	1
46	26	1
46	28	1
46	30	1
46	32	1
46	34	1
46	36	1
46	38	1
46	40	1
46	42	1
46	44	1
46	46	1
46	48	1
46	50	1
46	52	1
46	54	1
46	56	1
46	58	1
46	60	1
46	62	1
46	64	1
46	66	1
46	68	1
46	70	1
46	72	1
46	74	1
46	76	1
46	78	1
46	80	1
46	82	1
46	84	1
46	86	1
46	88	1
46	90	1
46	92	1
46	94	1
46	96	1
46	98	1
46	100	1
46	102	1
46	104	1
46	106	1
46	108	1
46	110	1
46	112	1
46	114	1
46	116	1
46	118	1
46	120	1
46	122	1
46	124	1
46	126	1
46	128	1
46	130	1
46	132	1
46	134	1
46	136	1
46	138	1
46	140	1
46	142	1
46	144	1
46	146	1
46	148	1
46	150	1
46	152	1
46	154	1
46	156	1
46	158	1
46	160	1
46	162	1
46	164	1
46	166	1
46	168	1
46	170	1
46	172	1
46	174	1
46	176	1
46	178	1
46	180	1
46	182	1
46	184	1
46	186	1
46	188	1
46	190	1
46	192	1
46	194	1
46	196	1
48	2	1
48	4	1
48	6	1
48	8	1
48	10	1
48	12	1
48	14	1
48	16	1
48	18	1
48	20	1
48	22	1
48	24	1
48	26	1
48	28	1
48	30	1
48	32	1
48	34	1
48	36	1
48	38	1
48	40	1
48	42	1
48	44	1
48	46	1
48	48	1
48	50	1
48	52	1
48	54	1
48	56	1
48	58	1
48	60	1
48	62	1
48	64	1
48	66	1
48	68	1
48	70	1
48	72	1
48	74	1
48	76	1
48	78	1
48	80	1
48	82	1
48	84	1
48	86	1
48	88	1
48	90	1
48	92	1
48	94	1
48	96	1
48	98	1
48	100	1
48	102	1
48	104	1
48	106	1
48	108	1
48	110	1
48	112	1
48	114	1
48	116	1
48	118	1
48	120	1
48	122	1
48	124	1
48	126	1
48	128	1
48	130	1
48	132	1
48	134	1
48	136	1
48	138	1
48	140	1
48	142	1
48	144	1
48	146	1
48	148	1
48	150	1
48	152	1
48	154	1
48	156	1
48	158	1
48	160	1
48	162	1
48	164	1
48	166	1
48	168	1
48	170	1
48	172	1
48	174	1
48	176	1
48	178	1
48	180	1
48	182	1
48	184	1
48	186	1
48	188	1
48	190	1
48	192	1
48	194	1
48	196	1
50	2	1
50	4	1
50	6	1
50	8	1
50	10	1
50	12	1
50	14	1
50	16	1
50	18	1
50	20	1
50	22	1
50	24	1
50	26	1
50	28	1
50	30	1
50	32	1
50	34	1
50	36	1
50	38	1
50	40	1
50	42	1
50	44	1
50	46	1
50	48	1
50	50	1
50	52	1
50	54	1
50	56	1
50	58	1
50	60	1
50	62	1
50	64	1
50	66	1
50	68	1
50	70	1
50	72	1
50	74	1
50	76	1
50	78	1
50	80	1
50	82	1
50	84	1
50	86	1
50	88	1
50	90	1
50	92	1
50	94	1
50	96	1
50	98	1
50	100	1
50	102	1
50	104	1
50	106	1
50	108	1
50	110	1
50	112	1
50	114	1
50	116	1
50	118	1
50	120	1
50	122	1
50	124	1
50	126	1
50	128	1
50	130	1
50	132	1
50	134	1
50	136	1
50	138	1
50	140	1
50	142	1
50	144	1
50	146	1
50	148	1
50	150	1
50	152	1
50	154	1
50	156	1
50	158	1
50	160	1
50	162	1
50	164	1
50	166	1
50	168	1
50	170	1
50	172	1
50	174	1
50	176	1
50	178	1
50	180	1
50	182	1
50	184	1
50	186	1
50	188	1
50	190	1
50	192	1
50	194	1
50	196	1
52	2	1
52	4	1
52	6	1
52	8	1
52	10	1
52	12	1
52	14	1
52	16	1
52	18	1
52	20	1
52	22	1
52	24	1
52	26	1
52	28	1
52	30	1
52	32	1
52	34	1
52	36	1
52	38	1
52	40	1
52	42	1
52	44	1
52	46	1
52	48	1
52	50	1
52	52	1
52	54	1
52	56	1
52	58	1
52	60	1
52	62	1
52	64	1
52	66	1
52	68	1
52	70	1
52	72	1
52	74	1
52	76	1
52	78	1
52	80	1
52	82	1
52	84	1
52	86	1
52	88	1
52	90	1
52	92	1
52	94	1
52	96	1
52	98	1
52	100	1
52	102	1
52	104	1
52	106	1
52	108	1
52	110	1
52	112	1
52	114	1
52	116	1
52	118	1
52	120	1
52	122	1
52	124	1
52	126	1
52	128	1
52	130	1
52	132	1
52	134	1
52	136	1
52	138	1
52	140	1
52	142	1
52	144	1
52	146	1
52	148	1
52	150	1
52	152	1
52	154	1
52	156	1
52	158	1
52	160	1
52	162	1
52	164	1
52	166	1
52	168	1
52	170	1
52	172	1
52	174	1
52	176	1
52	178	1
52	180	1
52	182	1
52	184	1
52	186	1
52	188	1
52	190	1
52	192	1
52	194	1
52	196	1
54	2	1
54	4	1
54	6	1
54	8	1
54	10	1
54	12	1
54	14	1
54	16	1
54	18	1
54	20	1
54	22	1
54	24	1
54	26	1
54	28	1
54	30	1
54	32	1
54	34	1
54	36	1
54	38	1
54	40	1
54	42	1
54	44	1
54	46	1
54	48	1
54	50	1
54	52	1
54	54	1
54	56	1
54	58	1
54	60	1
54	62	1
54	64	1
54	66	1
54	68	1
54	70	1
54	72	1
54	74	1
54	76	1
54	78	1
54	80	1
54	82	1
54	84	1
54	86	1
54	88	1
54	90	1
54	92	1
54	94	1
54	96	1
54	98	1
54	100	1
54	102	1
54	104	1
54	106	1
54	108	1
54	110	1
54	112	1
54	114	1
54	116	1
54	118	1
54	120	1
54	122	1
54	124	1
54	126	1
54	128	1
54	130	1
54	132	1
54	134	1
54	136	1
54	138	1
54	140	1
54	142	1
54	144	1
54	146	1
54	148	1
54	150	1
54	152	1
54	154	1
54	156	1
54	158	1
54	160	1
54	162	1
54	164	1
54	166	1
54	168	1
54	170	1
54	172	1
54	174	1
54	176	1
54	178	1
54	180	1
54	182	1
54	184	1
54	186	1
54	188	1
54	190	1
54	192	1
54	194	1
54	196	1
56	2	1
56	4	1
56	6	1
56	8	1
56	10	1
56	12	1
56	14	1
56	16	1
56	18	1
56	20	1
56	22	1
56	24	1
56	26	1
56	28	1
56	30	1
56	32	1
56	34	1
56	36	1
56	38	1
56	40	1
56	42	1
56	44	1
56	46	1
56	48	1
56	50	1
56	52	1
56	54	1
56	56	1
56	58	1
56	60	1
56	62	1
56	64	1
56	66	1
56	68	1
56	70	1
56	72	1
56	74	1
56	76	1
56	78	1
56	80	1
56	82	1
56	84	1
56	86	1
56	88	1
56	90	1
56	92	1
56	94	1
56	96	1
56	98	1
56	100	1
56	102	1
56	104	1
56	106	1
56	108	1
56	110	1
56	112	1
56	114	1
56	116	1
56	118	1
56	120	1
56	122	1
56	124	1
56	126	1
56	128	1
56	130	1
56	132	1
56	134	1
56	136	1
56	138	1
56	140	1
56	142	1
56	144	1
56	146	1
56	148	1
56	150	1
56	152	1
56	154	1
56	156	1
56	158	1
56	160	1
56	162	1
56	164	1
56	166	1
56	168	1
56	170	1
56	172	1
56	174	1
56	176	1
56	178	1
56	180	1
56	182	1
56	184	1
56	186	1
56	188	1
56	190	1
56	192	1
56	194	1
56	196	1
58	2	1
58	4	1
58	6	1
58	8	1
58	10	1
58	12	1
58	14	1
58	16	1
58	18	1
58	20	1
58	22	1
58	24	1
58	26	1
58	28	1
58	30	1
58	32	1
58	34	1
58	36	1
58	38	1
58	40	1
58	42	1
58	44	1
58	46	1
58	48	1
58	50	1
58	52	1
58	54	1
58	56	1
58	58	1
58	60	1
58	62	1
58	64	1
58	66	1
58	68	1
58	70	1
58	72	1
58	74	1
58	76	1
58	78	1
58	80	1
58	82	1
58	84	1
58	86	1
58	88	1
58	90	1
58	92	1
58	94	1
58	96	1
58	98	1
58	100	1
58	102	1
58	104	1
58	106	1
58	108	1
58	110	1
58	112	1
58	114	1
58	116	1
58	118	1
58	120	1
58	122	1
58	124	1
58	126	1
58	128	1
58	130	1
58	132	1
58	134	1
58	136	1
58	138	1
58	140	1
58	142	1
58	144	1
58	146	1
58	148	1
58	150	1
58	152	1
58	154	1
58	156	1
58	158	1
58	160	1
58	162	1
58	164	1
58	166	1
58	168	1
58	170	1
58	172	1
58	174	1
58	176	1
58	178	1
58	180	1
58	182	1
58	184	1
58	186	1
58	188	1
58	190	1
58	192	1
58	194	1
58	196	1
60	2	1
60	4	1
60	6	1
60	8	1
60	10	1
60	12	1
60	14	1
60	16	1
60	18	1
60	20	1
60	22	1
60	24	1
60	26	1
60	28	1
60	30	1
60	32	1
60	34	1
60	36	1
60	38	1
60	40	1
60	42	1
60	44	1
60	46	1
60	48	1
60	50	1
60	52	1
60	54	1
60	56	1
60	58	1
60	60	1
60	62	1
60	64	1
60	66	1
60	68	1
60	70	1
60	72	1
60	74	1
60	76	1
60	78	1
60	80	1
60	82	1
60	84	1
60	86	1
60	88	1
60	90	1
60	92	1
60	94	1
60	96	1
60	98	1
60	100	1
60	102	1
60	104	1
60	106	1
60	108	1
60	110	1
60	112	1
60	114	1
60	116	1
60	118	1
60	120	1
60	122	1
60	124	1
60	126	1
60	128	1
60	130	1
60	132	1
60	134	1
60	136	1
60	138	1
60	140	1
60	142	1
60	144	1
60	146	1
60	148	1
60	150	1
60	152	1
60	154	1
60	156	1
60	158	1
60	160	1
60	162	1
60	164	1
60	166	1
60	168	1
60	170	1
60	172	1
60	174	1
60	176	1
60	178	1
60	180	1
60	182	1
60	184	1
60	186	1
60	188	1
60	190	1
60	192	1
60	194	1
60	196	1
62	2	1
62	4	1
62	6	1
62	8	1
62	10	1
62	12	1
62	14	1
62	16	1
62	18	1
62	20	1
62	22	1
62	24	1
62	26	1
62	28	1
62	30	1
62	32	1
62	34	1
62	36	1
62	38	1
62	40	1
62	42	1
62	44	1
62	46	1
62	48	1
62	50	1
62	52	1
62	54	1
62	56	1
62	58	1
62	60	1
62	62	1
62	64	1
62	66	1
62	68	1
62	70	1
62	72	1
62	74	1
62	76	1
62	78	1
62	80	1
62	82	1
62	84	1
62	86	1
62	88	1
62	90	1
62	92	1
62	94	1
62	96	1
62	98	1
62	100	1
62	102	1
62	104	1
62	106	1
62	108	1
62	110	1
62	112	1
62	114	1
62	116	1
62	118	1
62	120	1
62	122	1
62	124	1
62	126	1
62	128	1
62	130	1
62	132	1
62	134	1
62	136	1
62	138	1
62	140	1
62	142	1
62	144	1
62	146	1
62	148	1
62	150	1
62	152	1
62	154	1
62	156	1
62	158	1
62	160	1
62	162	1
62	164	1
62	166	1
62	168	1
62	170	1
62	172	1
62	174	1
62	176	1
62	178	1
62	180	1
62	182	1
62	184	1
62	186	1
62	188	1
62	190	1
62	192	1
62	194	1
62	196	1
64	2	1
64	4	1
64	6	1
64	8	1
64	10	1
64	12	1
64	14	1
64	16	1
64	18	1
64	20	1
64	22	1
64	24	1
64	26	1
64	28	1
64	30	1
64	32	1
64	34	1
64	36	1
64	38	1
64	40	1
64	42	1
64	44	1
64	46	1
64	48	1
64	50	1
64	52	1
64	54	1
64	56	1
64	58	1
64	60	1
64	62	1
64	64	1
64	66	1
64	68	1
64	70	1
64	72	1
64	74	1
64	76	1
64	78	1
64	80	1
64	82	1
64	84	1
64	86	1
64	88	1
64	90	1
64	92	1
64	94	1
64	96	1
64	98	1
64	100	1
64	102	1
64	104	1
64	106	1
64	108	1
64	110	1
64	112	1
64	114	1
64	116	1
64	118	1
64	120	1
64	122	1
64	124	1
64	126	1
64	128	1
64	130	1
64	132	1
64	134	1
64	136	1
64	138	1
64	140	1
64	142	1
64	144	1
64	146	1
64	148	1
64	150	1
64	152	1
64	154	1
64	156	1
64	158	1
64	160	1
64	162	1
64	164	1
64	166	1
64	168	1
64	170	1
64	172	1
64	174	1
64	176	1
64	178	1
64	180	1
64	182	1
64	184	1
64	186	1
64	188	1
64	190	1
64	192	1
64	194	1
64	196	1
66	2	1
66	4	1
66	6	1
66	8	1
66	10	1
66	12	1
66	14	1
66	16	1
66	18	1
66	20	1
66	22	1
66	24	1
66	26	1
66	28	1
66	30	1
66	32	1
66	34	1
66	36	1
66	38	1
66	40	1
66	42	1
66	44	1
66	46	1
66	48	1
66	50	1
66	52	1
66	54	1
66	56	1
66	58	1
66	60	1
66	62	1
66	64	1
66	66	1
66	68	1
66	70	1
66	72	1
66	74	1
66	76	1
66	78	1
66	80	1
66	82	1
66	84	1
66	86	1
66	88	1
66	90	1
66	92	1
66	94	1
66	96	1
66	98	1
66	100	1
66	102	1
66	104	1
66	106	1
66	108	1
66	110	1
66	112	1
66	114	1
66	116	1
66	118	1
66	120	1
66	122	1
66	124	1
66	126	1
66	128	1
66	130	1
66	132	1
66	134	1
66	136	1
66	138	1
66	140	1
66	142	1
66	144	1
66	146	1
66	148	1
66	150	1
66	152	1
66	154	1
66	156	1
66	158	1
66	160	1
66	162	1
66	164	1
66	166	1
66	168	1
66	170	1
66	172	1
66	174	1
66	176	1
66	178	1
66	180	1
66	182	1
66	184	1
66	186	1
66	188	1
66	190	1
66	192	1
66	194	1
66	196	1
68	2	1
68	4	1
68	6	1
68	8	1
68	10	1
68	12	1
68	14	1
68	16	1
68	18	1
68	20	1
68	22	1
68	24	1
68	26	1
68	28	1
68	30	1
68	32	1
68	34	1
68	36	1
68	38	1
68	40	1
68	42	1
68	44	1
68	46	1
68	48	1
68	50	1
68	52	1
68	54	1
68	56	1
68	58	1
68	60	1
68	62	1
68	64	1
68	66	1
68	68	1
68	70	1
68	72	1
68	74	1
68	76	1
68	78	1
68	80	1
68	82	1
68	84	1
68	86	1
68	88	1
68	90	1
68	92	1
68	94	1
68	96	1
68	98	1
68	100	1
68	102	1
68	104	1
68	106	1
68	108	1
68	110	1
68	112	1
68	114	1
68	116	1
68	118	1
68	120	1
68	122	1
68	124	1
68	126	1
68	128	1
68	130	1
68	132	1
68	134	1
68	136	1
68	138	1
68	140	1
68	142	1
68	144	1
68	146	1
68	148	1
68	150	1
68	152	1
68	154	1
68	156	1
68	158	1
68	160	1
68	162	1
68	164	1
68	166	1
68	168	1
68	170	1
68	172	1
68	174	1
68	176	1
68	178	1
68	180	1
68	182	1
68	184	1
68	186	1
68	188	1
68	190	1
68	192	1
68	194	1
68	196	1
70	2	1
70	4	1
70	6	1
70	8	1
70	10	1
70	12	1
70	14	1
70	16	1
70	18	1
70	20	1
70	22	1
70	24	1
70	26	1
70	28	1
70	30	1
70	32	1
70	34	1
70	36	1
70	38	1
70	40	1
70	42	1
70	44	1
70	46	1
70	48	1
70	50	1
70	52	1
70	54	1
70	56	1
70	58	1
70	60	1
70	62	1
70	64	1
70	66	1
70	68	1
70	70	1
70	72	1
70	74	1
70	76	1
70	78	1
70	80	1
70	82	1
70	84	1
70	86	1
70	88	1
70	90	1
70	92	1
70	94	1
70	96	1
70	98	1
70	100	1
70	102	1
70	104	1
70	106	1
70	108	1
70	110	1
70	112	1
70	114	1
70	116	1
70	118	1
70	120	1
70	122	1
70	124	1
70	126	1
70	128	1
70	130	1
70	132	1
70	134	1
70	136	1
70	138	1
70	140	1
70	142	1
70	144	1
70	146	1
70	148	1
70	150	1
70	152	1
70	154	1
70	156	1
70	158	1
70	160	1
70	162	1
70	164	1
70	166	1
70	168	1
70	170	1
70	172	1
70	174	1
70	176	1
70	178	1
70	180	1
70	182	1
70	184	1
70	186	1
70	188	1
70	190	1
70	192	1
70	194	1
70	196	1
72	2	1
72	4	1
72	6	1
72	8	1
72	10	1
72	12	1
72	14	1
72	16	1
72	18	1
72	20	1
72	22	1
72	24	1
72	26	1
72	28	1
72	30	1
72	32	1
72	34	1
72	36	1
72	38	1
72	40	1
72	42	1
72	44	1
72	46	1
72	48	1
72	50	1
72	52	1
72	54	1
72	56	1
72	58	1
72	60	1
72	62	1
72	64	1
72	66	1
72	68	1
72	70	1
72	72	1
72	74	1
72	76	1
72	78	1
72	80	1
72	82	1
72	84	1
72	86	1
72	88	1
72	90	1
72	92	1
72	94	1
72	96	1
72	98	1
72	100	1
72	102	1
72	104	1
72	106	1
72	108	1
72	110	1
72	112	1
72	114	1
72	116	1
72	118	1
72	120	1
72	122	1
72	124	1
72	126	1
72	128	1
72	130	1
72	132	1
72	134	1
72	136	1
72	138	1
72	140	1
72	142	1
72	144	1
72	146	1
72	148	1
72	150	1
72	152	1
72	154	1
72	156	1
72	158	1
72	160	1
72	162	1
72	164	1
72	166	1
72	168	1
72	170	1
72	172	1
72	174	1
72	176	1
72	178	1
72	180	1
72	182	1
72	184	1
72	186	1
72	188	1
72	190	1
72	192	1
72	194	1
72	196	1
74	2	1
74	4	1
74	6	1
74	8	1
74	10	1
74	12	1
74	14	1
74	16	1
74	18	1
74	20	1
74	22	1
74	24	1
74	26	1
74	28	1
74	30	1
74	32	1
74	34	1
74	36	1
74	38	1
74	40	1
74	42	1
74	44	1
74	46	1
74	48	1
74	50	1
74	52	1
74	54	1
74	56	1
74	58	1
74	60	1
74	62	1
74	64	1
74	66	1
74	68	1
74	70	1
74	72	1
74	74	1
74	76	1
74	78	1
74	80	1
74	82	1
74	84	1
74	86	1
74	88	1
74	90	1
74	92	1
74	94	1
74	96	1
74	98	1
74	100	1
74	102	1
74	104	1
74	106	1
74	108	1
74	110	1
74	112	1
74	114	1
74	116	1
74	118	1
74	120	1
74	122	1
74	124	1
74	126	1
74	128	1
74	130	1
74	132	1
74	134	1
74	136	1
74	138	1
74	140	1
74	142	1
74	144	1
74	146	1
74	148	1
74	150	1
74	152	1
74	154	1
74	156	1
74	158	1
74	160	1
74	162	1
74	164	1
74	166	1
74	168	1
74	170	1
74	172	1
74	174	1
74	176	1
74	178	1
74	180	1
74	182	1
74	184	1
74	186	1
74	188	1
74	190	1
74	192	1
74	194	1
74	196	1
76	2	1
76	4	1
76	6	1
76	8	1
76	10	1
76	12	1
76	14	1
76	16	1
76	18	1
76	20	1
76	22	1
76	24	1
76	26	1
76	28	1
76	30	1
76	32	1
76	34	1
76	36	1
76	38	1
76	40	1
76	42	1
76	44	1
76	46	1
76	48	1
76	50	1
76	52	1
76	54	1
76	56	1
76	58	1
76	60	1
76	62	1
76	64	1
76	66	1
76	68	1
76	70	1
76	72	1
76	74	1
76	76	1
76	78	1
76	80	1
76	82	1
76	84	1
76	86	1
76	88	1
76	90	1
76	92	1
76	94	1
76	96	1
76	98	1
76	100	1
76	102	1
76	104	1
76	106	1
76	108	1
76	110	1
76	112	1
76	114	1
76	116	1
76	118	1
76	120	1
76	122	1
76	124	1
76	126	1
76	128	1
76	130	1
76	132	1
76	134	1
76	136	1
76	138	1
76	140	1
76	142	1
76	144	1
76	146	1
76	148	1
76	150	1
76	152	1
76	154	1
76	156	1
76	158	1
76	160	1
76	162	1
76	164	1
76	166	1
76	168	1
76	170	1
76	172	1
76	174	1
76	176	1
76	178	1
76	180	1
76	182	1
76	184	1
76	186	1
76	188	1
76	190	1
76	192	1
76	194	1
76	196	1
78	2	1
78	4	1
78	6	1
78	8	1
78	10	1
78	12	1
78	14	1
78	16	1
78	18	1
78	20	1
78	22	1
78	24	1
78	26	1
78	28	1
78	30	1
78	32	1
78	34	1
78	36	1
78	38	1
78	40	1
78	42	1
78	44	1
78	46	1
78	48	1
78	50	1
78	52	1
78	54	1
78	56	1
78	58	1
78	60	1
78	62	1
78	64	1
78	66	1
78	68	1
78	70	1
78	72	1
78	74	1
78	76	1
78	78	1
78	80	1
78	82	1
78	84	1
78	86	1
78	88	1
78	90	1
78	92	1
78	94	1
78	96	1
78	98	1
78	100	1
78	102	1
78	104	1
78	106	1
78	108	1
78	110	1
78	112	1
78	114	1
78	116	1
78	118	1
78	120	1
78	122	1
78	124	1
78	126	1
78	128	1
78	130	1
78	132	1
78	134	1
78	136	1
78	138	1
78	140	1
78	142	1
78	144	1
78	146	1
78	148	1
78	150	1
78	152	1
78	154	1
78	156	1
78	158	1
78	160	1
78	162	1
78	164	1
78	166	1
78	168	1
78	170	1
78	172	1
78	174	1
78	176	1
78	178	1
78	180	1
78	182	1
78	184	1
78	186	1
78	188	1
78	190	1
78	192	1
78	194	1
78	196	1
80	2	1
80	4	1
80	6	1
80	8	1
80	10	1
80	12	1
80	14	1
80	16	1
80	18	1
80	20	1
80	22	1
80	24	1
80	26	1
80	28	1
80	30	1
80	32	1
80	34	1
80	36	1
80	38	1
80	40	1
80	42	1
80	44	1
80	46	1
80	48	1
80	50	1
80	52	1
80	54	1
80	56	1
80	58	1
80	60	1
80	62	1
80	64	1
80	66	1
80	68	1
80	70	1
80	72	1
80	74	1
80	76	1
80	78	1
80	80	1
80	82	1
80	84	1
80	86	1
80	88	1
80	90	1
80	92	1
80	94	1
80	96	1
80	98	1
80	100	1
80	102	1
80	104	1
80	106	1
80	108	1
80	110	1
80	112	1
80	114	1
80	116	1
80	118	1
80	120	1
80	122	1
80	124	1
80	126	1
80	128	1
80	130	1
80	132	1
80	134	1
80	136	1
80	138	1
80	140	1
80	142	1
80	144	1
80	146	1
80	148	1
80	150	1
80	152	1
80	154	1
80	156	1
80	158	1
80	160	1
80	162	1
80	164	1
80	166	1
80	168	1
80	170	1
80	172	1
80	174	1
80	176	1
80	178	1
80	180	1
80	182	1
80	184	1
80	186	1
80	188	1
80	190	1
80	192	1
80	194	1
80	196	1
82	2	1
82	4	1
82	6	1
82	8	1
82	10	1
82	12	1
82	14	1
82	16	1
82	18	1
82	20	1
82	22	1
82	24	1
82	26	1
82	28	1
82	30	1
82	32	1
82	34	1
82	36	1
82	38	1
82	40	1
82	42	1
82	44	1
82	46	1
82	48	1
82	50	1
82	52	1
82	54	1
82	56	1
82	58	1
82	60	1
82	62	1
82	64	1
82	66	1
82	68	1
82	70	1
82	72	1
82	74	1
82	76	1
82	78	1
82	80	1
82	82	1
82	84	1
82	86	1
82	88	1
82	90	1
82	92	1
82	94	1
82	96	1
82	98	1
82	100	1
82	102	1
82	104	1
82	106	1
82	108	1
82	110	1
82	112	1
82	114	1
82	116	1
82	118	1
82	120	1
82	122	1
82	124	1
82	126	1
82	128	1
82	130	1
82	132	1
82	134	1
82	136	1
82	138	1
82	140	1
82	142	1
82	144	1
82	146	1
82	148	1
82	150	1
82	152	1
82	154	1
82	156	1
82	158	1
82	160	1
82	162	1
82	164	1
82	166	1
82	168	1
82	170	1
82	172	1
82	174	1
82	176	1
82	178	1
82	180	1
82	182	1
82	184	1
82	186	1
82	188	1
82	190	1
82	192	1
82	194	1
82	196	1
84	2	1
84	4	1
84	6	1
84	8	1
84	10	1
84	12	1
84	14	1
84	16	1
84	18	1
84	20	1
84	22	1
84	24	1
84	26	1
84	28	1
84	30	1
84	32	1
84	34	1
84	36	1
84	38	1
84	40	1
84	42	1
84	44	1
84	46	1
84	48	1
84	50	1
84	52	1
84	54	1
84	56	1
84	58	1
84	60	1
84	62	1
84	64	1
84	66	1
84	68	1
84	70	1
84	72	1
84	74	1
84	76	1
84	78	1
84	80	1
84	82	1
84	84	1
84	86	1
84	88	1
84	90	1
84	92	1
84	94	1
84	96	1
84	98	1
84	100	1
84	102	1
84	104	1
84	106	1
84	108	1
84	110	1
84	112	1
84	114	1
84	116	1
84	118	1
84	120	1
84	122	1
84	124	1
84	126	1
84	128	1
84	130	1
84	132	1
84	134	1
84	136	1
84	138	1
84	140	1
84	142	1
84	144	1
84	146	1
84	148	1
84	150	1
84	152	1
84	154	1
84	156	1
84	158	1
84	160	1
84	162	1
84	164	1
84	166	1
84	168	1
84	170	1
84	172	1
84	174	1
84	176	1
84	178	1
84	180	1
84	182	1
84	184	1
84	186	1
84	188	1
84	190	1
84	192	1
84	194	1
84	196	1
86	2	1
86	4	1
86	6	1
86	8	1
86	10	1
86	12	1
86	14	1
86	16	1
86	18	1
86	20	1
86	22	1
86	24	1
86	26	1
86	28	1
86	30	1
86	32	1
86	34	1
86	36	1
86	38	1
86	40	1
86	42	1
86	44	1
86	46	1
86	48	1
86	50	1
86	52	1
86	54	1
86	56	1
86	58	1
86	60	1
86	62	1
86	64	1
86	66	1
86	68	1
86	70	1
86	72	1
86	74	1
86	76	1
86	78	1
86	80	1
86	82	1
86	84	1
86	86	1
86	88	1
86	90	1
86	92	1
86	94	1
86	96	1
86	98	1
86	100	1
86	102	1
86	104	1
86	106	1
86	108	1
86	110	1
86	112	1
86	114	1
86	116	1
86	118	1
86	120	1
86	122	1
86	124	1
86	126	1
86	128	1
86	130	1
86	132	1
86	134	1
86	136	1
86	138	1
86	140	1
86	142	1
86	144	1
86	146	1
86	148	1
86	150	1
86	152	1
86	154	1
86	156	1
86	158	1
86	160	1
86	162	1
86	164	1
86	166	1
86	168	1
86	170	1
86	172	1
86	174	1
86	176	1
86	178	1
86	180	1
86	182	1
86	184	1
86	186	1
86	188	1
86	190	1
86	192	1
86	194	1
86	196	1
88	2	1
88	4	1
88	6	1
88	8	1
88	10	1
88	12	1
88	14	1
88	16	1
88	18	1
88	20	1
88	22	1
88	24	1
88	26	1
88	28	1
88	30	1
88	32	1
88	34	1
88	36	1
88	38	1
88	40	1
88	42	1
88	44	1
88	46	1
88	48	1
88	50	1
88	52	1
88	54	1
88	56	1
88	58	1
88	60	1
88	62	1
88	64	1
88	66	1
88	68	1
88	70	1
88	72	1
88	74	1
88	76	1
88	78	1
88	80	1
88	82	1
88	84	1
88	86	1
88	88	1
88	90	1
88	92	1
88	94	1
88	96	1
88	98	1
88	100	1
88	102	1
88	104	1
88	106	1
88	108	1
88	110	1
88	112	1
88	114	1
88	116	1
88	118	1
88	120	1
88	122	1
88	124	1
88	126	1
88	128	1
88	130	1
88	132	1
88	134	1
88	136	1
88	138	1
88	140	1
88	142	1
88	144	1
88	146	1
88	148	1
88	150	1
88	152	1
88	154	1
88	156	1
88	158	1
88	160	1
88	162	1
88	164	1
88	166	1
88	168	1
88	170	1
88	172	1
88	174	1
88	176	1
88	178	1
88	180	1
88	182	1
88	184	1
88	186	1
88	188	1
88	190	1
88	192	1
88	194	1
88	196	1
90	2	1
90	4	1
90	6	1
90	8	1
90	10	1
90	12	1
90	14	1
90	16	1
90	18	1
90	20	1
90	22	1
90	24	1
90	26	1
90	28	1
90	30	1
90	32	1
90	34	1
90	36	1
90	38	1
90	40	1
90	42	1
90	44	1
90	46	1
90	48	1
90	50	1
90	52	1
90	54	1
90	56	1
90	58	1
90	60	1
90	62	1
90	64	1
90	66	1
90	68	1
90	70	1
90	72	1
90	74	1
90	76	1
90	78	1
90	80	1
90	82	1
90	84	1
90	86	1
90	88	1
90	90	1
90	92	1
90	94	1
90	96	1
90	98	1
90	100	1
90	102	1
90	104	1
90	106	1
90	108	1
90	110	1
90	112	1
90	114	1
90	116	1
90	118	1
90	120	1
90	122	1
90	124	1
90	126	1
90	128	1
90	130	1
90	132	1
90	134	1
90	136	1
90	138	1
90	140	1
90	142	1
90	144	1
90	146	1
90	148	1
90	150	1
90	152	1
90	154	1
90	156	1
90	158	1
90	160	1
90	162	1
90	164	1
90	166	1
90	168	1
90	170	1
90	172	1
90	174	1
90	176	1
90	178	1
90	180	1
90	182	1
90	184	1
90	186	1
90	188	1
90	190	1
90	192	1
90	194	1
90	196	1
92	2	1
92	4	1
92	6	1
92	8	1
92	10	1
92	12	1
92	14	1
92	16	1
92	18	1
92	20	1
92	22	1
92	24	1
92	26	1
92	28	1
92	30	1
92	32	1
92	34	1
92	36	1
92	38	1
92	40	1
92	42	1
92	44	1
92	46	1
92	48	1
92	50	1
92	52	1
92	54	1
92	56	1
92	58	1
92	60	1
92	62	1
92	64	1
92	66	1
92	68	1
92	70	1
92	72	1
92	74	1
92	76	1
92	78	1
92	80	1
92	82	1
92	84	1
92	86	1
92	88	1
92	90	1
92	92	1
92	94	1
92	96	1
92	98	1
92	100	1
92	102	1
92	104	1
92	106	1
92	108	1
92	110	1
92	112	1
92	114	1
92	116	1
92	118	1
92	120	1
92	122	1
92	124	1
92	126	1
92	128	1
92	130	1
92	132	1
92	134	1
92	136	1
92	138	1
92	140	1
92	142	1
92	144	1
92	146	1
92	148	1
92	150	1
92	152	1
92	154	1
92	156	1
92	158	1
92	160	1
92	162	1
92	164	1
92	166	1
92	168	1
92	170	1
92	172	1
92	174	1
92	176	1
92	178	1
92	180	1
92	182	1
92	184	1
92	186	1
92	188	1
92	190	1
92	192	1
92	194	1
92	196	1
94	2	1
94	4	1
94	6	1
94	8	1
94	10	1
94	12	1
94	14	1
94	16	1
94	18	1
94	20	1
94	22	1
94	24	1
94	26	1
94	28	1
94	30	1
94	32	1
94	34	1
94	36	1
94	38	1
94	40	1
94	42	1
94	44	1
94	46	1
94	48	1
94	50	1
94	52	1
94	54	1
94	56	1
94	58	1
94	60	1
94	62	1
94	64	1
94	66	1
94	68	1
94	70	1
94	72	1
94	74	1
94	76	1
94	78	1
94	80	1
94	82	1
94	84	1
94	86	1
94	88	1
94	90	1
94	92	1
94	94	1
94	96	1
94	98	1
94	100	1
94	102	1
94	104	1
94	106	1
94	108	1
94	110	1
94	112	1
94	114	1
94	116	1
94	118	1
94	120	1
94	122	1
94	124	1
94	126	1
94	128	1
94	130	1
94	132	1
94	134	1
94	136	1
94	138	1
94	140	1
94	142	1
94	144	1
94	146	1
94	148	1
94	150	1
94	152	1
94	154	1
94	156	1
94	158	1
94	160	1
94	162	1
94	164	1
94	166	1
94	168	1
94	170	1
94	172	1
94	174	1
94	176	1
94	178	1
94	180	1
94	182	1
94	184	1
94	186	1
94	188	1
94	190	1
94	192	1
94	194	1
94	196	1
96	2	1
96	4	1
96	6	1
96	8	1
96	10	1
96	12	1
96	14	1
96	16	1
96	18	1
96	20	1
96	22	1
96	24	1
96	26	1
96	28	1
96	30	1
96	32	1
96	34	1
96	36	1
96	38	1
96	40	1
96	42	1
96	44	1
96	46	1
96	48	1
96	50	1
96	52	1
96	54	1
96	56	1
96	58	1
96	60	1
96	62	1
96	64	1
96	66	1
96	68	1
96	70	1
96	72	1
96	74	1
96	76	1
96	78	1
96	80	1
96	82	1
96	84	1
96	86	1
96	88	1
96	90	1
96	92	1
96	94	1
96	96	1
96	98	1
96	100	1
96	102	1
96	104	1
96	106	1
96	108	1
96	110	1
96	112	1
96	114	1
96	116	1
96	118	1
96	120	1
96	122	1
96	124	1
96	126	1
96	128	1
96	130	1
96	132	1
96	134	1
96	136	1
96	138	1
96	140	1
96	142	1
96	144	1
96	146	1
96	148	1
96	150	1
96	152	1
96	154	1
96	156	1
96	158	1
96	160	1
96	162	1
96	164	1
96	166	1
96	168	1
96	170	1
96	172	1
96	174	1
96	176	1
96	178	1
96	180	1
96	182	1
96	184	1
96	186	1
96	188	1
96	190	1
96	192	1
96	194	1
96	196	1
