2	2	49
2	4	49
2	6	49
2	8	49
2	10	49
2	12	49
2	14	49
2	16	49
2	18	49
2	20	49
2	22	49
2	24	49
2	26	49
2	28	49
2	30	49
2	32	49
2	34	49
2	36	49
2	38	49
2	40	49
2	42	49
2	44	49
2	46	49
2	48	49
2	50	49
2	52	49
2	54	49
2	56	49
2	58	49
2	60	49
2	62	49
2	64	49
2	66	49
2	68	49
2	70	49
2	72	49
2	74	48.9997
2	76	48.9984
2	78	48.9911
2	80	48.9553
2	82	48.7935
2	84	48.1397
2	86	45.874
2	88	39.7609
2	90	28.8159
2	92	17.2454
2	94	9.50403
2	96	5.49717
2	98	3.6287
2	100	2.84088
2	102	1.16473
2	104	1.14005
2	106	1.13954
2	108	1.13953
2	110	1.13953
2	112	1.13953
2	114	1.13953
2	116	1.13953
2	118	1.13953
2	120	1.13953
2	122	1.13953
2	124	1.13953
2	126	1.13953
2	128	1.13953
2	130	1.13953
2	132	1.13953
2	134	1.13953
2	136	1.13953
2	138	1.13953
2	140	1.13953
2	142	1.13953
2	144	1.13953
2	146	1.13953
2	148	1.13953
2	150	1.13953
2	152	1.13953
2	154	1.13953
2	156	1.13953
2	158	1.13953
2	160	1.13953
2	162	1.13953
2	164	1.13953
2	166	1.13953
2	168	1.13953
2	170	1.13953
2	172	1.13953
2	174	1.13953
2	176	1.13953
2	178	1.13953
2	180	1.13953
2	182	1.13953
2	184	1.13953
2	186	1.13953
2	188	1.13953
2	190	1.13953
2	192	1.13953
2	194	1.13953
2	196	1.13953
4	2	49
4	4	49
4	6	49
4	8	49
4	10	49
4	12	49
4	14	49
4	16	49
4	18	49
4	20	49
4	22	49
4	24	49
4	26	49
4	28	49
4	30	49
4	32	49
4	34	49
4	36	49
4	38	49
4	40	49
4	42	49
4	44	49
4	46	49
4	48	49
4	50	49
4	52	49
4	54	49
4	56	49
4	58	49
4	60	49
4	62	49
4	64	49
4	66	49
4	68	49
4	70	49
4	72	49
4	74	48.9997
4	76	48.9984
4	78	48.9911
4	80	48.9553
4	82	48.7935
4	84	48.1399
4	86	45.8749
4	88	39.7639
4	90	28.823
4	92	17.2564
4	94	9.51768
4	96	5.51524
4	98	3.65951
4	100	2.91646
4	102	1.1655
4	104	1.14007
4	106	1.13954
4	108	1.13953
4	110	1.13953
4	112	1.13953
4	114	1.13953
4	116	1.13953
4	118	1.13953
4	120	1.13953
4	122	1.13953
4	124	1.13953
4	126	1.13953
4	128	1.13953
4	130	1.13953
4	132	1.13953
4	134	1.13953
4	136	1.13953
4	138	1.13953
4	140	1.13953
4	142	1.13953
4	144	1.13953
4	146	1.13953
4	148	1.13953
4	150	1.13953
4	152	1.13953
4	154	1.13953
4	156	1.13953
4	158	1.13953
4	160	1.13953
4	162	1.13953
4	164	1.13953
4	166	1.13953
4	168	1.13953
4	170	1.13953
4	172	1.13953
4	174	1.13953
4	176	1.13953
4	178	1.13953
4	180	1.13953
4	182	1.13953
4	184	1.13953
4	186	1.13953
4	188	1.13953
4	190	1.13953
4	192	1.13953
4	194	1.13953
4	196	1.13953
6	2	49
6	4	49
6	6	49
6	8	49
6	10	49
6	12	49
6	14	49
6	16	49
6	18	49
6	20	49
6	22	49
6	24	49
6	26	49
6	28	49
6	30	49
6	32	49
6	34	49
6	36	49
6	38	49
6	40	49
6	42	49
6	44	49
6	46	49
6	48	49
6	50	49
6	52	49
6	54	49
6	56	49
6	58	49
6	60	49
6	62	49
6	64	49
6	66	49
6	68	49
6	70	49
6	72	49
6	74	48.9997
6	76	48.9984
6	78	48.9911
6	80	48.9553
6	82	48.7935
6	84	48.1401
6	86	45.8757
6	88	39.7668
6	90	28.8297
6	92	17.2654
6	94	9.52715
6	96	5.52459
6	98	3.66877
6	100	2.92027
6	102	1.16552
6	104	1.14007
6	106	1.13954
6	108	1.13953
6	110	1.13953
6	112	1.13953
6	114	1.13953
6	116	1.13953
6	118	1.13953
6	120	1.13953
6	122	1.13953
6	124	1.13953
6	126	1.13953
6	128	1.13953
6	130	1.13953
6	132	1.13953
6	134	1.13953
6	136	1.13953
6	138	1.13953
6	140	1.13953
6	142	1.13953
6	144	1.13953
6	146	1.13953
6	148	1.13953
6	150	1.13953
6	152	1.13953
6	154	1.13953
6	156	1.13953
6	158	1.13953
6	160	1.13953
6	162	1.13953
6	164	1.13953
6	166	1.13953
6	168	1.13953
6	170	1.13953
6	172	1.13953
6	174	1.13953
6	176	1.13953
6	178	1.13953
6	180	1.13953
6	182	1.13953
6	184	1.13953
6	186	1.13953
6	188	1.13953
6	190	1.13953
6	192	1.13953
6	194	1.13953
6	196	1.13953
8	2	49
8	4	49
8	6	49
8	8	49
8	10	49
8	12	49
8	14	49
8	16	49
8	18	49
8	20	49
8	22	49
8	24	49
8	26	49
8	28	49
8	30	49
8	32	49
8	34	49
8	36	49
8	38	49
8	40	49
8	42	49
8	44	49
8	46	49
8	48	49
8	50	49
8	52	49
8	54	49
8	56	49
8	58	49
8	60	49
8	62	49
8	64	49
8	66	49
8	68	49
8	70	49
8	72	49
8	74	48.9997
8	76	48.9984
8	78	48.9911
8	80	48.9553
8	82	48.7936
8	84	48.1402
8	86	45.8763
8	88	39.7686
8	90	28.8333
8	92	17.27
8	94	9.5313
8	96	5.52798
8	98	3.67128
8	100	2.92096
8	102	1.16552
8	104	1.14007
8	106	1.13954
8	108	1.13953
8	110	1.13953
8	112	1.13953
8	114	1.13953
8	116	1.13953
8	118	1.13953
8	120	1.13953
8	122	1.13953
8	124	1.13953
8	126	1.13953
8	128	1.13953
8	130	1.13953
8	132	1.13953
8	134	1.13953
8	136	1.13953
8	138	1.13953
8	140	1.13953
8	142	1.13953
8	144	1.13953
8	146	1.13953
8	148	1.13953
8	150	1.13953
8	152	1.13953
8	154	1.13953
8	156	1.13953
8	158	1.13953
8	160	1.13953
8	162	1.13953
8	164	1.13953
8	166	1.13953
8	168	1.13953
8	170	1.13953
8	172	1.13953
8	174	1.13953
8	176	1.13953
8	178	1.13953
8	180	1.13953
8	182	1.13953
8	184	1.13953
8	186	1.13953
8	188	1.13953
8	190	1.13953
8	192	1.13953
8	194	1.13953
8	196	1.13953
10	2	49
10	4	49
10	6	49
10	8	49
10	10	49
10	12	49
10	14	49
10	16	49
10	18	49
10	20	49
10	22	49
10	24	49
10	26	49
10	28	49
10	30	49
10	32	49
10	34	49
10	36	49
10	38	49
10	40	49
10	42	49
10	44	49
10	46	49
10	48	49
10	50	49
10	52	49
10	54	49
10	56	49
10	58	49
10	60	49
10	62	49
10	64	49
10	66	49
10	68	49
10	70	49
10	72	49
10	74	48.9997
10	76	48.9984
10	78	48.9911
10	80	48.9553
10	82	48.7936
10	84	48.1403
10	86	45.8765
10	88	39.7694
10	90	28.8348
10	92	17.2717
10	94	9.53274
10	96	5.52901
10	98	3.67191
10	100	2.92112
10	102	1.16552
10	104	1.14007
10	106	1.13954
10	108	1.13953
10	110	1.13953
10	112	1.13953
10	114	1.13953
10	116	1.13953
10	118	1.13953
10	120	1.13953
10	122	1.13953
10	124	1.13953
10	126	1.13953
10	128	1.13953
10	130	1.13953
10	132	1.13953
10	134	1.13953
10	136	1.13953
10	138	1.13953
10	140	1.13953
10	142	1.13953
10	144	1.13953
10	146	1.13953
10	148	1.13953
10	150	1.13953
10	152	1.13953
10	154	1.13953
10	156	1.13953
10	158	1.13953
10	160	1.13953
10	162	1.13953
10	164	1.13953
10	166	1.13953
10	168	1.13953
10	170	1.13953
10	172	1.13953
10	174	1.13953
10	176	1.13953
10	178	1.13953
10	180	1.13953
10	182	1.13953
10	184	1.13953
10	186	1.13953
10	188	1.13953
10	190	1.13953
10	192	1.13953
10	194	1.13953
10	196	1.13953
12	2	49
12	4	49
12	6	49
12	8	49
12	10	49
12	12	49
12	14	49
12	16	49
12	18	49
12	20	49
12	22	49
12	24	49
12	26	49
12	28	49
12	30	49
12	32	49
12	34	49
12	36	49
12	38	49
12	40	49
12	42	49
12	44	49
12	46	49
12	48	49
12	50	49
12	52	49
12	54	49
12	56	49
12	58	49
12	60	49
12	62	49
12	64	49
12	66	49
12	68	49
12	70	49
12	72	49
12	74	48.9997
12	76	48.9984
12	78	48.9911
12	80	48.9553
12	82	48.7936
12	84	48.1403
12	86	45.8766
12	88	39.7697
12	90	28.8353
12	92	17.2723
12	94	9.53316
12	96	5.52928
12	98	3.67206
12	100	2.92115
12	102	1.16552
12	104	1.14007
12	106	1.13954
12	108	1.13953
12	110	1.13953
12	112	1.13953
12	114	1.13953
12	116	1.13953
12	118	1.13953
12	120	1.13953
12	122	1.13953
12	124	1.13953
12	126	1.13953
12	128	1.13953
12	130	1.13953
12	132	1.13953
12	134	1.13953
12	136	1.13953
12	138	1.13953
12	140	1.13953
12	142	1.13953
12	144	1.13953
12	146	1.13953
12	148	1.13953
12	150	1.13953
12	152	1.13953
12	154	1.13953
12	156	1.13953
12	158	1.13953
12	160	1.13953
12	162	1.13953
12	164	1.13953
12	166	1.13953
12	168	1.13953
12	170	1.13953
12	172	1.13953
12	174	1.13953
12	176	1.13953
12	178	1.13953
12	180	1.13953
12	182	1.13953
12	184	1.13953
12	186	1.13953
12	188	1.13953
12	190	1.13953
12	192	1.13953
12	194	1.13953
12	196	1.13953
14	2	49
14	4	49
14	6	49
14	8	49
14	10	49
14	12	49
14	14	49
14	16	49
14	18	49
14	20	49
14	22	49
14	24	49
14	26	49
14	28	49
14	30	49
14	32	49
14	34	49
14	36	49
14	38	49
14	40	49
14	42	49
14	44	49
14	46	49
14	48	49
14	50	49
14	52	49
14	54	49
14	56	49
14	58	49
14	60	49
14	62	49
14	64	49
14	66	49
14	68	49
14	70	49
14	72	49
14	74	48.9997
14	76	48.9984
14	78	48.9912
14	80	48.9553
14	82	48.7936
14	84	48.1403
14	86	45.8766
14	88	39.7697
14	90	28.8355
14	92	17.2724
14	94	9.53327
14	96	5.52935
14	98	3.67209
14	100	2.92116
14	102	1.16552
14	104	1.14007
14	106	1.13954
14	108	1.13953
14	110	1.13953
14	112	1.13953
14	114	1.13953
14	116	1.13953
14	118	1.13953
14	120	1.13953
14	122	1.13953
14	124	1.13953
14	126	1.13953
14	128	1.13953
14	130	1.13953
14	132	1.13953
14	134	1.13953
14	136	1.13953
14	138	1.13953
14	140	1.13953
14	142	1.13953
14	144	1.13953
14	146	1.13953
14	148	1.13953
14	150	1.13953
14	152	1.13953
14	154	1.13953
14	156	1.13953
14	158	1.13953
14	160	1.13953
14	162	1.13953
14	164	1.13953
14	166	1.13953
14	168	1.13953
14	170	1.13953
14	172	1.13953
14	174	1.13953
14	176	1.13953
14	178	1.13953
14	180	1.13953
14	182	1.13953
14	184	1.13953
14	186	1.13953
14	188	1.13953
14	190	1.13953
14	192	1.13953
14	194	1.13953
14	196	1.13953
16	2	49
16	4	49
16	6	49
16	8	49
16	10	49
16	12	49
16	14	49
16	16	49
16	18	49
16	20	49
16	22	49
16	24	49
16	26	49
16	28	49
16	30	49
16	32	49
16	34	49
16	36	49
16	38	49
16	40	49
16	42	49
16	44	49
16	46	49
16	48	49
16	50	49
16	52	49
16	54	49
16	56	49
16	58	49
16	60	49
16	62	49
16	64	49
16	66	49
16	68	49
16	70	49
16	72	49
16	74	48.9997
16	76	48.9984
16	78	48.9911
16	80	48.9553
16	82	48.7936
16	84	48.1403
16	86	45.8766
16	88	39.7698
16	90	28.8355
16	92	17.2725
16	94	9.53329
16	96	5.52936
16	98	3.6721
16	100	2.92116
16	102	1.16552
16	104	1.14007
16	106	1.13954
16	108	1.13953
16	110	1.13953
16	112	1.13953
16	114	1.13953
16	116	1.13953
16	118	1.13953
16	120	1.13953
16	122	1.13953
16	124	1.13953
16	126	1.13953
16	128	1.13953
16	130	1.13953
16	132	1.13953
16	134	1.13953
16	136	1.13953
16	138	1.13953
16	140	1.13953
16	142	1.13953
16	144	1.13953
16	146	1.13953
16	148	1.13953
16	150	1.13953
16	152	1.13953
16	154	1.13953
16	156	1.13953
16	158	1.13953
16	160	1.13953
16	162	1.13953
16	164	1.13953
16	166	1.13953
16	168	1.13953
16	170	1.13953
16	172	1.13953
16	174	1.13953
16	176	1.13953
16	178	1.13953
16	180	1.13953
16	182	1.13953
16	184	1.13953
16	186	1.13953
16	188	1.13953
16	190	1.13953
16	192	1.13953
16	194	1.13953
16	196	1.13953
18	2	49
18	4	49
18	6	49
18	8	49
18	10	49
18	12	49
18	14	49
18	16	49
18	18	49
18	20	49
18	22	49
18	24	49
18	26	49
18	28	49
18	30	49
18	32	49
18	34	49
18	36	49
18	38	49
18	40	49
18	42	49
18	44	49
18	46	49
18	48	49
18	50	49
18	52	49
18	54	49
18	56	49
18	58	49
18	60	49
18	62	49
18	64	49
18	66	49
18	68	49
18	70	49
18	72	49
18	74	48.9997
18	76	48.9984
18	78	48.9911
18	80	48.9553
18	82	48.7936
18	84	48.1403
18	86	45.8766
18	88	39.7698
18	90	28.8355
18	92	17.2725
18	94	9.5333
18	96	5.52937
18	98	3.6721
18	100	2.92116
18	102	1.16552
18	104	1.14007
18	106	1.13954
18	108	1.13953
18	110	1.13953
18	112	1.13953
18	114	1.13953
18	116	1.13953
18	118	1.13953
18	120	1.13953
18	122	1.13953
18	124	1.13953
18	126	1.13953
18	128	1.13953
18	130	1.13953
18	132	1.13953
18	134	1.13953
18	136	1.13953
18	138	1.13953
18	140	1.13953
18	142	1.13953
18	144	1.13953
18	146	1.13953
18	148	1.13953
18	150	1.13953
18	152	1.13953
18	154	1.13953
18	156	1.13953
18	158	1.13953
18	160	1.13953
18	162	1.13953
18	164	1.13953
18	166	1.13953
18	168	1.13953
18	170	1.13953
18	172	1.13953
18	174	1.13953
18	176	1.13953
18	178	1.13953
18	180	1.13953
18	182	1.13953
18	184	1.13953
18	186	1.13953
18	188	1.13953
18	190	1.13953
18	192	1.13953
18	194	1.13953
18	196	1.13953
20	2	49
20	4	49
20	6	49
20	8	49
20	10	49
20	12	49
20	14	49
20	16	49
20	18	49
20	20	49
20	22	49
20	24	49
20	26	49
20	28	49
20	30	49
20	32	49
20	34	49
20	36	49
20	38	49
20	40	49
20	42	49
20	44	49
20	46	49
20	48	49
20	50	49
20	52	49
20	54	49
20	56	49
20	58	49
20	60	49
20	62	49
20	64	49
20	66	49
20	68	49
20	70	49
20	72	49
20	74	48.9997
20	76	48.9984
20	78	48.9911
20	80	48.9553
20	82	48.7936
20	84	48.1403
20	86	45.8766
20	88	39.7698
20	90	28.8355
20	92	17.2725
20	94	9.5333
20	96	5.52937
20	98	3.6721
20	100	2.92116
20	102	1.16552
20	104	1.14007
20	106	1.13954
20	108	1.13953
20	110	1.13953
20	112	1.13953
20	114	1.13953
20	116	1.13953
20	118	1.13953
20	120	1.13953
20	122	1.13953
20	124	1.13953
20	126	1.13953
20	128	1.13953
20	130	1.13953
20	132	1.13953
20	134	1.13953
20	136	1.13953
20	138	1.13953
20	140	1.13953
20	142	1.13953
20	144	1.13953
20	146	1.13953
20	148	1.13953
20	150	1.13953
20	152	1.13953
20	154	1.13953
20	156	1.13953
20	158	1.13953
20	160	1.13953
20	162	1.13953
20	164	1.13953
20	166	1.13953
20	168	1.13953
20	170	1.13953
20	172	1.13953
20	174	1.13953
20	176	1.13953
20	178	1.13953
20	180	1.13953
20	182	1.13953
20	184	1.13953
20	186	1.13953
20	188	1.13953
20	190	1.13953
20	192	1.13953
20	194	1.13953
20	196	1.13953
22	2	49
22	4	49
22	6	49
22	8	49
22	10	49
22	12	49
22	14	49
22	16	49
22	18	49
22	20	49
22	22	49
22	24	49
22	26	49
22	28	49
22	30	49
22	32	49
22	34	49
22	36	49
22	38	49
22	40	49
22	42	49
22	44	49
22	46	49
22	48	49
22	50	49
22	52	49
22	54	49
22	56	49
22	58	49
22	60	49
22	62	49
22	64	49
22	66	49
22	68	49
22	70	49
22	72	48.9999
22	74	48.9997
22	76	48.9983
22	78	48.9911
22	80	48.9553
22	82	48.7935
22	84	48.1403
22	86	45.8766
22	88	39.7697
22	90	28.8355
22	92	17.2725
22	94	9.5333
22	96	5.52937
22	98	3.6721
22	100	2.92116
22	102	1.16552
22	104	1.14007
22	106	1.13954
22	108	1.13953
22	110	1.13953
22	112	1.13953
22	114	1.13953
22	116	1.13953
22	118	1.13953
22	120	1.13953
22	122	1.13953
22	124	1.13953
22	126	1.13953
22	128	1.13953
22	130	1.13953
22	132	1.13953
22	134	1.13953
22	136	1.13953
22	138	1.13953
22	140	1.13953
22	142	1.13953
22	144	1.13953
22	146	1.13953
22	148	1.13953
22	150	1.13953
22	152	1.13953
22	154	1.13953
22	156	1.13953
22	158	1.13953
22	160	1.13953
22	162	1.13953
22	164	1.13953
22	166	1.13953
22	168	1.13953
22	170	1.13953
22	172	1.13953
22	174	1.13953
22	176	1.13953
22	178	1.13953
22	180	1.13953
22	182	1.13953
22	184	1.13953
22	186	1.13953
22	188	1.13953
22	190	1.13953
22	192	1.13953
22	194	1.13953
22	196	1.13953
24	2	48.9997
24	4	48.9997
24	6	48.9997
24	8	48.9997
24	10	48.9997
24	12	48.9997
24	14	48.9997
24	16	48.9997
24	18	48.9997
24	20	48.9997
24	22	48.9997
24	24	48.9997
24	26	48.9997
24	28	48.9997
24	30	48.9997
24	32	48.9997
24	34	48.9997
24	36	48.9997
24	38	48.9997
24	40	48.9997
24	42	48.9997
24	44	48.9997
24	46	48.9997
24	48	48.9997
24	50	48.9997
24	52	48.9997
24	54	48.9997
24	56	48.9997
24	58	48.9997
24	60	48.9997
24	62	48.9997
24	64	48.9997
24	66	48.9997
24	68	48.9997
24	70	48.9997
24	72	48.9997
24	74	48.9995
24	76	48.9981
24	78	48.9909
24	80	48.955
24	82	48.7933
24	84	48.14
24	86	45.8764
24	88	39.7696
24	90	28.8354
24	92	17.2725
24	94	9.53329
24	96	5.52937
24	98	3.6721
24	100	2.92116
24	102	1.16552
24	104	1.14007
24	106	1.13954
24	108	1.13953
24	110	1.13953
24	112	1.13953
24	114	1.13953
24	116	1.13953
24	118	1.13953
24	120	1.13953
24	122	1.13953
24	124	1.13953
24	126	1.13953
24	128	1.13953
24	130	1.13953
24	132	1.13953
24	134	1.13953
24	136	1.13953
24	138	1.13953
24	140	1.13953
24	142	1.13953
24	144	1.13953
24	146	1.13953
24	148	1.13953
24	150	1.13953
24	152	1.13953
24	154	1.13953
24	156	1.13953
24	158	1.13953
24	160	1.13953
24	162	1.13953
24	164	1.13953
24	166	1.13953
24	168	1.13953
24	170	1.13953
24	172	1.13953
24	174	1.13953
24	176	1.13953
24	178	1.13953
24	180	1.13953
24	182	1.13953
24	184	1.13953
24	186	1.13953
24	188	1.13953
24	190	1.13953
24	192	1.13953
24	194	1.13953
24	196	1.13953
26	2	48.9984
26	4	48.9984
26	6	48.9984
26	8	48.9984
26	10	48.9984
26	12	48.9984
26	14	48.9984
26	16	48.9984
26	18	48.9984
26	20	48.9984
26	22	48.9984
26	24	48.9984
26	26	48.9984
26	28	48.9984
26	30	48.9984
26	32	48.9984
26	34	48.9984
26	36	48.9984
26	38	48.9984
26	40	48.9984
26	42	48.9984
26	44	48.9984
26	46	48.9984
26	48	48.9984
26	50	48.9984
26	52	48.9984
26	54	48.9984
26	56	48.9984
26	58	48.9984
26	60	48.9984
26	62	48.9984
26	64	48.9984
26	66	48.9984
26	68	48.9984
26	70	48.9984
26	72	48.9983
26	74	48.9981
26	76	48.9968
26	78	48.9895
26	80	48.9537
26	82	48.792
26	84	48.1387
26	86	45.8752
26	88	39.7687
26	90	28.835
26	92	17.2723
26	94	9.53325
26	96	5.52935
26	98	3.6721
26	100	2.92116
26	102	1.16552
26	104	1.14007
26	106	1.13954
26	108	1.13953
26	110	1.13953
26	112	1.13953
26	114	1.13953
26	116	1.13953
26	118	1.13953
26	120	1.13953
26	122	1.13953
26	124	1.13953
26	126	1.13953
26	128	1.13953
26	130	1.13953
26	132	1.13953
26	134	1.13953
26	136	1.13953
26	138	1.13953
26	140	1.13953
26	142	1.13953
26	144	1.13953
26	146	1.13953
26	148	1.13953
26	150	1.13953
26	152	1.13953
26	154	1.13953
26	156	1.13953
26	158	1.13953
26	160	1.13953
26	162	1.13953
26	164	1.13953
26	166	1.13953
26	168	1.13953
26	170	1.13953
26	172	1.13953
26	174	1.13953
26	176	1.13953
26	178	1.13953
26	180	1.13953
26	182	1.13953
26	184	1.13953
26	186	1.13953
26	188	1.13953
26	190	1.13953
26	192	1.13953
26	194	1.13953
26	196	1.13953
28	2	48.9911
28	4	48.9911
28	6	48.9911
28	8	48.9911
28	10	48.9911
28	12	48.9911
28	14	48.9912
28	16	48.9912
28	18	48.9912
28	20	48.9912
28	22	48.9912
28	24	48.9912
28	26	48.9912
28	28	48.9912
28	30	48.9912
28	32	48.9912
28	34	48.9912
28	36	48.9912
28	38	48.9912
28	40	48.9912
28	42	48.9912
28	44	48.9912
28	46	48.9912
28	48	48.9912
28	50	48.9912
28	52	48.9912
28	54	48.9912
28	56	48.9912
28	58	48.9912
28	60	48.9912
28	62	48.9912
28	64	48.9912
28	66	48.9911
28	68	48.9911
28	70	48.9911
28	72	48.9911
28	74	48.9909
28	76	48.9895
28	78	48.9823
28	80	48.9465
28	82	48.7848
28	84	48.1318
28	86	45.8689
28	88	39.764
28	90	28.8325
28	92	17.2715
28	94	9.53301
28	96	5.52929
28	98	3.67208
28	100	2.92115
28	102	1.16552
28	104	1.14007
28	106	1.13954
28	108	1.13953
28	110	1.13953
28	112	1.13953
28	114	1.13953
28	116	1.13953
28	118	1.13953
28	120	1.13953
28	122	1.13953
28	124	1.13953
28	126	1.13953
28	128	1.13953
28	130	1.13953
28	132	1.13953
28	134	1.13953
28	136	1.13953
28	138	1.13953
28	140	1.13953
28	142	1.13953
28	144	1.13953
28	146	1.13953
28	148	1.13953
28	150	1.13953
28	152	1.13953
28	154	1.13953
28	156	1.13953
28	158	1.13953
28	160	1.13953
28	162	1.13953
28	164	1.13953
28	166	1.13953
28	168	1.13953
28	170	1.13953
28	172	1.13953
28	174	1.13953
28	176	1.13953
28	178	1.13953
28	180	1.13953
28	182	1.13953
28	184	1.13953
28	186	1.13953
28	188	1.13953
28	190	1.13953
28	192	1.13953
28	194	1.13953
28	196	1.13953
30	2	48.9553
30	4	48.9553
30	6	48.9553
30	8	48.9553
30	10	48.9553
30	12	48.9553
30	14	48.9553
30	16	48.9553
30	18	48.9553
30	20	48.9553
30	22	48.9553
30	24	48.9553
30	26	48.9553
30	28	48.9553
30	30	48.9553
30	32	48.9553
30	34	48.9553
30	36	48.9553
30	38	48.9553
30	40	48.9553
30	42	48.9553
30	44	48.9553
30	46	48.9553
30	48	48.9553
30	50	48.9553
30	52	48.9553
30	54	48.9553
30	56	48.9553
30	58	48.9553
30	60	48.9553
30	62	48.9553
30	64	48.9553
30	66	48.9553
30	68	48.9553
30	70	48.9553
30	72	48.9553
30	74	48.955
30	76	48.9537
30	78	48.9465
30	80	48.9107
30	82	48.7493
30	84	48.0972
30	86	45.8375
30	88	39.7405
30	90	28.8204
30	92	17.2673
30	94	9.53185
30	96	5.52897
30	98	3.67199
30	100	2.92114
30	102	1.16552
30	104	1.14007
30	106	1.13954
30	108	1.13953
30	110	1.13953
30	112	1.13953
30	114	1.13953
30	116	1.13953
30	118	1.13953
30	120	1.13953
30	122	1.13953
30	124	1.13953
30	126	1.13953
30	128	1.13953
30	130	1.13953
30	132	1.13953
30	134	1.13953
30	136	1.13953
30	138	1.13953
30	140	1.13953
30	142	1.13953
30	144	1.13953
30	146	1.13953
30	148	1.13953
30	150	1.13953
30	152	1.13953
30	154	1.13953
30	156	1.13953
30	158	1.13953
30	160	1.13953
30	162	1.13953
30	164	1.13953
30	166	1.13953
30	168	1.13953
30	170	1.13953
30	172	1.13953
30	174	1.13953
30	176	1.13953
30	178	1.13953
30	180	1.13953
30	182	1.13953
30	184	1.13953
30	186	1.13953
30	188	1.13953
30	190	1.13953
30	192	1.13953
30	194	1.13953
30	196	1.13953
32	2	48.7935
32	4	48.7935
32	6	48.7935
32	8	48.7936
32	10	48.7936
32	12	48.7936
32	14	48.7936
32	16	48.7936
32	18	48.7936
32	20	48.7936
32	22	48.7936
32	24	48.7936
32	26	48.7936
32	28	48.7936
32	30	48.7936
32	32	48.7936
32	34	48.7936
32	36	48.7936
32	38	48.7936
32	40	48.7936
32	42	48.7936
32	44	48.7936
32	46	48.7936
32	48	48.7936
32	50	48.7936
32	52	48.7936
32	54	48.7936
32	56	48.7936
32	58	48.7936
32	60	48.7936
32	62	48.7936
32	64	48.7936
32	66	48.7936
32	68	48.7936
32	70	48.7936
32	72	48.7935
32	74	48.7933
32	76	48.792
32	78	48.7848
32	80	48.7493
32	82	48.5889
32	84	47.9412
32	86	45.696
32	88	39.6346
32	90	28.7655
32	92	17.2483
32	94	9.52659
32	96	5.52753
32	98	3.67158
32	100	2.92107
32	102	1.16552
32	104	1.14007
32	106	1.13954
32	108	1.13953
32	110	1.13953
32	112	1.13953
32	114	1.13953
32	116	1.13953
32	118	1.13953
32	120	1.13953
32	122	1.13953
32	124	1.13953
32	126	1.13953
32	128	1.13953
32	130	1.13953
32	132	1.13953
32	134	1.13953
32	136	1.13953
32	138	1.13953
32	140	1.13953
32	142	1.13953
32	144	1.13953
32	146	1.13953
32	148	1.13953
32	150	1.13953
32	152	1.13953
32	154	1.13953
32	156	1.13953
32	158	1.13953
32	160	1.13953
32	162	1.13953
32	164	1.13953
32	166	1.13953
32	168	1.13953
32	170	1.13953
32	172	1.13953
32	174	1.13953
32	176	1.13953
32	178	1.13953
32	180	1.13953
32	182	1.13953
32	184	1.13953
32	186	1.13953
32	188	1.13953
32	190	1.13953
32	192	1.13953
32	194	1.13953
32	196	1.13953
34	2	48.1397
34	4	48.1399
34	6	48.1401
34	8	48.1402
34	10	48.1403
34	12	48.1403
34	14	48.1403
34	16	48.1403
34	18	48.1403
34	20	48.1403
34	22	48.1403
34	24	48.1403
34	26	48.1403
34	28	48.1403
34	30	48.1403
34	32	48.1403
34	34	48.1403
34	36	48.1403
34	38	48.1403
34	40	48.1403
34	42	48.1403
34	44	48.1403
34	46	48.1403
34	48	48.1403
34	50	48.1403
34	52	48.1403
34	54	48.1403
34	56	48.1403
34	58	48.1403
34	60	48.1403
34	62	48.1403
34	64	48.1403
34	66	48.1403
34	68	48.1403
34	70	48.1403
34	72	48.1403
34	74	48.14
34	76	48.1387
34	78	48.1318
34	80	48.0972
34	82	47.9412
34	84	47.3107
34	86	45.1237
34	88	39.2055
34	90	28.5421
34	92	17.1709
34	94	9.50501
34	96	5.52158
34	98	3.66987
34	100	2.92074
34	102	1.16552
34	104	1.14007
34	106	1.13954
34	108	1.13953
34	110	1.13953
34	112	1.13953
34	114	1.13953
34	116	1.13953
34	118	1.13953
34	120	1.13953
34	122	1.13953
34	124	1.13953
34	126	1.13953
34	128	1.13953
34	130	1.13953
34	132	1.13953
34	134	1.13953
34	136	1.13953
34	138	1.13953
34	140	1.13953
34	142	1.13953
34	144	1.13953
34	146	1.13953
34	148	1.13953
34	150	1.13953
34	152	1.13953
34	154	1.13953
34	156	1.13953
34	158	1.13953
34	160	1.13953
34	162	1.13953
34	164	1.13953
34	166	1.13953
34	168	1.13953
34	170	1.13953
34	172	1.13953
34	174	1.13953
34	176	1.13953
34	178	1.13953
34	180	1.13953
34	182	1.13953
34	184	1.13953
34	186	1.13953
34	188	1.13953
34	190	1.13953
34	192	1.13953
34	194	1.13953
34	196	1.13953
36	2	45.874
36	4	45.8749
36	6	45.8757
36	8	45.8763
36	10	45.8765
36	12	45.8766
36	14	45.8766
36	16	45.8766
36	18	45.8766
36	20	45.8766
36	22	45.8766
36	24	45.8766
36	26	45.8766
36	28	45.8766
36	30	45.8766
36	32	45.8766
36	34	45.8766
36	36	45.8766
36	38	45.8766
36	40	45.8766
36	42	45.8766
36	44	45.8766
36	46	45.8766
36	48	45.8766
36	50	45.8766
36	52	45.8766
36	54	45.8766
36	56	45.8766
36	58	45.8766
36	60	45.8766
36	62	45.8766
36	64	45.8766
36	66	45.8766
36	68	45.8766
36	70	45.8766
36	72	45.8766
36	74	45.8764
36	76	45.8752
36	78	45.8689
36	80	45.8375
36	82	45.696
36	84	45.1237
36	86	43.1329
36	88	37.7012
36	90	27.7481
36	92	16.8912
36	94	9.42614
36	96	5.49957
36	98	3.66338
36	100	2.91932
36	102	1.16552
36	104	1.14007
36	106	1.13954
36	108	1.13953
36	110	1.13953
36	112	1.13953
36	114	1.13953
36	116	1.13953
36	118	1.13953
36	120	1.13953
36	122	1.13953
36	124	1.13953
36	126	1.13953
36	128	1.13953
36	130	1.13953
36	132	1.13953
36	134	1.13953
36	136	1.13953
36	138	1.13953
36	140	1.13953
36	142	1.13953
36	144	1.13953
36	146	1.13953
36	148	1.13953
36	150	1.13953
36	152	1.13953
36	154	1.13953
36	156	1.13953
36	158	1.13953
36	160	1.13953
36	162	1.13953
36	164	1.13953
36	166	1.13953
36	168	1.13953
36	170	1.13953
36	172	1.13953
36	174	1.13953
36	176	1.13953
36	178	1.13953
36	180	1.13953
36	182	1.13953
36	184	1.13953
36	186	1.13953
36	188	1.13953
36	190	1.13953
36	192	1.13953
36	194	1.13953
36	196	1.13953
38	2	39.7609
38	4	39.7639
38	6	39.7668
38	8	39.7686
38	10	39.7694
38	12	39.7697
38	14	39.7697
38	16	39.7698
38	18	39.7698
38	20	39.7698
38	22	39.7698
38	24	39.7698
38	26	39.7698
38	28	39.7698
38	30	39.7698
38	32	39.7698
38	34	39.7698
38	36	39.7698
38	38	39.7698
38	40	39.7698
38	42	39.7698
38	44	39.7698
38	46	39.7698
38	48	39.7698
38	50	39.7698
38	52	39.7698
38	54	39.7698
38	56	39.7698
38	58	39.7698
38	60	39.7698
38	62	39.7698
38	64	39.7698
38	66	39.7698
38	68	39.7698
38	70	39.7698
38	72	39.7697
38	74	39.7696
38	76	39.7687
38	78	39.764
38	80	39.7405
38	82	39.6346
38	84	39.2055
38	86	37.7012
38	88	33.5037
38	90	25.4373
38	92	16.038
38	94	9.1769
38	96	5.4282
38	98	3.64158
38	100	2.91383
38	102	1.16551
38	104	1.14007
38	106	1.13954
38	108	1.13953
38	110	1.13953
38	112	1.13953
38	114	1.13953
38	116	1.13953
38	118	1.13953
38	120	1.13953
38	122	1.13953
38	124	1.13953
38	126	1.13953
38	128	1.13953
38	130	1.13953
38	132	1.13953
38	134	1.13953
38	136	1.13953
38	138	1.13953
38	140	1.13953
38	142	1.13953
38	144	1.13953
38	146	1.13953
38	148	1.13953
38	150	1.13953
38	152	1.13953
38	154	1.13953
38	156	1.13953
38	158	1.13953
38	160	1.13953
38	162	1.13953
38	164	1.13953
38	166	1.13953
38	168	1.13953
38	170	1.13953
38	172	1.13953
38	174	1.13953
38	176	1.13953
38	178	1.13953
38	180	1.13953
38	182	1.13953
38	184	1.13953
38	186	1.13953
38	188	1.13953
38	190	1.13953
38	192	1.13953
38	194	1.13953
38	196	1.13953
40	2	28.8159
40	4	28.823
40	6	28.8297
40	8	28.8333
40	10	28.8348
40	12	28.8353
40	14	28.8355
40	16	28.8355
40	18	28.8355
40	20	28.8355
40	22	28.8355
40	24	28.8355
40	26	28.8355
40	28	28.8355
40	30	28.8355
40	32	28.8355
40	34	28.8355
40	36	28.8355
40	38	28.8355
40	40	28.8355
40	42	28.8355
40	44	28.8355
40	46	28.8355
40	48	28.8355
40	50	28.8355
40	52	28.8355
40	54	28.8355
40	56	28.8355
40	58	28.8355
40	60	28.8355
40	62	28.8355
40	64	28.8355
40	66	28.8355
40	68	28.8355
40	70	28.8355
40	72	28.8355
40	74	28.8354
40	76	28.835
40	78	28.8325
40	80	28.8204
40	82	28.7655
40	84	28.5421
40	86	27.7481
40	88	25.4373
40	90	20.561
40	92	14.0206
40	94	8.53273
40	96	5.23248
40	98	3.57814
40	100	2.89495
40	102	1.16547
40	104	1.14007
40	106	1.13954
40	108	1.13953
40	110	1.13953
40	112	1.13953
40	114	1.13953
40	116	1.13953
40	118	1.13953
40	120	1.13953
40	122	1.13953
40	124	1.13953
40	126	1.13953
40	128	1.13953
40	130	1.13953
40	132	1.13953
40	134	1.13953
40	136	1.13953
40	138	1.13953
40	140	1.13953
40	142	1.13953
40	144	1.13953
40	146	1.13953
40	148	1.13953
40	150	1.13953
40	152	1.13953
40	154	1.13953
40	156	1.13953
40	158	1.13953
40	160	1.13953
40	162	1.13953
40	164	1.13953
40	166	1.13953
40	168	1.13953
40	170	1.13953
40	172	1.13953
40	174	1.13953
40	176	1.13953
40	178	1.13953
40	180	1.13953
40	182	1.13953
40	184	1.13953
40	186	1.13953
40	188	1.13953
40	190	1.13953
40	192	1.13953
40	194	1.13953
40	196	1.13953
42	2	17.2454
42	4	17.2564
42	6	17.2654
42	8	17.27
42	10	17.2717
42	12	17.2723
42	14	17.2724
42	16	17.2725
42	18	17.2725
42	20	17.2725
42	22	17.2725
42	24	17.2725
42	26	17.2725
42	28	17.2725
42	30	17.2725
42	32	17.2725
42	34	17.2725
42	36	17.2725
42	38	17.2725
42	40	17.2725
42	42	17.2725
42	44	17.2725
42	46	17.2725
42	48	17.2725
42	50	17.2725
42	52	17.2725
42	54	17.2725
42	56	17.2725
42	58	17.2725
42	60	17.2725
42	62	17.2725
42	64	17.2725
42	66	17.2725
42	68	17.2725
42	70	17.2725
42	72	17.2725
42	74	17.2725
42	76	17.2723
42	78	17.2715
42	80	17.2673
42	82	17.2483
42	84	17.1709
42	86	16.8912
42	88	16.038
42	90	14.0206
42	92	10.7347
42	94	7.28537
42	96	4.80478
42	98	3.42424
42	100	2.83862
42	102	1.16532
42	104	1.14007
42	106	1.13954
42	108	1.13953
42	110	1.13953
42	112	1.13953
42	114	1.13953
42	116	1.13953
42	118	1.13953
42	120	1.13953
42	122	1.13953
42	124	1.13953
42	126	1.13953
42	128	1.13953
42	130	1.13953
42	132	1.13953
42	134	1.13953
42	136	1.13953
42	138	1.13953
42	140	1.13953
42	142	1.13953
42	144	1.13953
42	146	1.13953
42	148	1.13953
42	150	1.13953
42	152	1.13953
42	154	1.13953
42	156	1.13953
42	158	1.13953
42	160	1.13953
42	162	1.13953
42	164	1.13953
42	166	1.13953
42	168	1.13953
42	170	1.13953
42	172	1.13953
42	174	1.13953
42	176	1.13953
42	178	1.13953
42	180	1.13953
42	182	1.13953
42	184	1.13953
42	186	1.13953
42	188	1.13953
42	190	1.13953
42	192	1.13953
42	194	1.13953
42	196	1.13953
44	2	9.50403
44	4	9.51768
44	6	9.52715
44	8	9.5313
44	10	9.53274
44	12	9.53316
44	14	9.53327
44	16	9.53329
44	18	9.5333
44	20	9.5333
44	22	9.5333
44	24	9.5333
44	26	9.5333
44	28	9.5333
44	30	9.5333
44	32	9.5333
44	34	9.5333
44	36	9.5333
44	38	9.5333
44	40	9.5333
44	42	9.5333
44	44	9.5333
44	46	9.5333
44	48	9.5333
44	50	9.5333
44	52	9.5333
44	54	9.5333
44	56	9.5333
44	58	9.5333
44	60	9.5333
44	62	9.5333
44	64	9.5333
44	66	9.5333
44	68	9.5333
44	70	9.5333
44	72	9.5333
44	74	9.53329
44	76	9.53325
44	78	9.53301
44	80	9.53185
44	82	9.52659
44	84	9.50501
44	86	9.42614
44	88	9.1769
44	90	8.53273
44	92	7.28537
44	94	5.62193
44	96	4.11376
44	98	3.13051
44	100	2.69907
44	102	1.16481
44	104	1.14006
44	106	1.13954
44	108	1.13953
44	110	1.13953
44	112	1.13953
44	114	1.13953
44	116	1.13953
44	118	1.13953
44	120	1.13953
44	122	1.13953
44	124	1.13953
44	126	1.13953
44	128	1.13953
44	130	1.13953
44	132	1.13953
44	134	1.13953
44	136	1.13953
44	138	1.13953
44	140	1.13953
44	142	1.13953
44	144	1.13953
44	146	1.13953
44	148	1.13953
44	150	1.13953
44	152	1.13953
44	154	1.13953
44	156	1.13953
44	158	1.13953
44	160	1.13953
44	162	1.13953
44	164	1.13953
44	166	1.13953
44	168	1.13953
44	170	1.13953
44	172	1.13953
44	174	1.13953
44	176	1.13953
44	178	1.13953
44	180	1.13953
44	182	1.13953
44	184	1.13953
44	186	1.13953
44	188	1.13953
44	190	1.13953
44	192	1.13953
44	194	1.13953
44	196	1.13953
46	2	5.49717
46	4	5.51524
46	6	5.52459
46	8	5.52798
46	10	5.52901
46	12	5.52928
46	14	5.52935
46	16	5.52936
46	18	5.52937
46	20	5.52937
46	22	5.52937
46	24	5.52937
46	26	5.52937
46	28	5.52937
46	30	5.52937
46	32	5.52937
46	34	5.52937
46	36	5.52937
46	38	5.52937
46	40	5.52937
46	42	5.52937
46	44	5.52937
46	46	5.52937
46	48	5.52937
46	50	5.52937
46	52	5.52937
46	54	5.52937
46	56	5.52937
46	58	5.52937
46	60	5.52937
46	62	5.52937
46	64	5.52937
46	66	5.52937
46	68	5.52937
46	70	5.52937
46	72	5.52937
46	74	5.52937
46	76	5.52935
46	78	5.52929
46	80	5.52897
46	82	5.52753
46	84	5.52158
46	86	5.49957
46	88	5.4282
46	90	5.23248
46	92	4.80478
46	94	4.11376
46	96	3.33052
46	98	2.71573
46	100	2.43058
46	102	1.16327
46	104	1.14004
46	106	1.13954
46	108	1.13953
46	110	1.13953
46	112	1.13953
46	114	1.13953
46	116	1.13953
46	118	1.13953
46	120	1.13953
46	122	1.13953
46	124	1.13953
46	126	1.13953
46	128	1.13953
46	130	1.13953
46	132	1.13953
46	134	1.13953
46	136	1.13953
46	138	1.13953
46	140	1.13953
46	142	1.13953
46	144	1.13953
46	146	1.13953
46	148	1.13953
46	150	1.13953
46	152	1.13953
46	154	1.13953
46	156	1.13953
46	158	1.13953
46	160	1.13953
46	162	1.13953
46	164	1.13953
46	166	1.13953
46	168	1.13953
46	170	1.13953
46	172	1.13953
46	174	1.13953
46	176	1.13953
46	178	1.13953
46	180	1.13953
46	182	1.13953
46	184	1.13953
46	186	1.13953
46	188	1.13953
46	190	1.13953
46	192	1.13953
46	194	1.13953
46	196	1.13953
48	2	3.6287
48	4	3.65951
48	6	3.66877
48	8	3.67128
48	10	3.67191
48	12	3.67206
48	14	3.67209
48	16	3.6721
48	18	3.6721
48	20	3.6721
48	22	3.6721
48	24	3.6721
48	26	3.6721
48	28	3.6721
48	30	3.6721
48	32	3.6721
48	34	3.6721
48	36	3.6721
48	38	3.6721
48	40	3.6721
48	42	3.6721
48	44	3.6721
48	46	3.6721
48	48	3.6721
48	50	3.6721
48	52	3.6721
48	54	3.6721
48	56	3.6721
48	58	3.6721
48	60	3.6721
48	62	3.6721
48	64	3.6721
48	66	3.6721
48	68	3.6721
48	70	3.6721
48	72	3.6721
48	74	3.6721
48	76	3.6721
48	78	3.67208
48	80	3.67199
48	82	3.67158
48	84	3.66987
48	86	3.66338
48	88	3.64158
48	90	3.57814
48	92	3.42424
48	94	3.13051
48	96	2.71573
48	98	2.30105
48	100	2.04439
48	102	1.15888
48	104	1.13995
48	106	1.13954
48	108	1.13953
48	110	1.13953
48	112	1.13953
48	114	1.13953
48	116	1.13953
48	118	1.13953
48	120	1.13953
48	122	1.13953
48	124	1.13953
48	126	1.13953
48	128	1.13953
48	130	1.13953
48	132	1.13953
48	134	1.13953
48	136	1.13953
48	138	1.13953
48	140	1.13953
48	142	1.13953
48	144	1.13953
48	146	1.13953
48	148	1.13953
48	150	1.13953
48	152	1.13953
48	154	1.13953
48	156	1.13953
48	158	1.13953
48	160	1.13953
48	162	1.13953
48	164	1.13953
48	166	1.13953
48	168	1.13953
48	170	1.13953
48	172	1.13953
48	174	1.13953
48	176	1.13953
48	178	1.13953
48	180	1.13953
48	182	1.13953
48	184	1.13953
48	186	1.13953
48	188	1.13953
48	190	1.13953
48	192	1.13953
48	194	1.13953
48	196	1.13953
50	2	2.84088
50	4	2.91646
50	6	2.92027
50	8	2.92096
50	10	2.92112
50	12	2.92115
50	14	2.92116
50	16	2.92116
50	18	2.92116
50	20	2.92116
50	22	2.92116
50	24	2.92116
50	26	2.92116
50	28	2.92116
50	30	2.92116
50	32	2.92116
50	34	2.92116
50	36	2.92116
50	38	2.92116
50	40	2.92116
50	42	2.92116
50	44	2.92116
50	46	2.92116
50	48	2.92116
50	50	2.92116
50	52	2.92116
50	54	2.92116
50	56	2.92116
50	58	2.92116
50	60	2.92116
50	62	2.92116
50	64	2.92116
50	66	2.92116
50	68	2.92116
50	70	2.92116
50	72	2.92116
50	74	2.92116
50	76	2.92116
50	78	2.92115
50	80	2.92114
50	82	2.92107
50	84	2.92074
50	86	2.91932
50	88	2.91383
50	90	2.89495
50	92	2.83862
50	94	2.69907
50	96	2.43058
50	98	2.04439
50	100	1.17784
50	102	1.14074
50	104	1.13956
50	106	1.13954
50	108	1.13953
50	110	1.13953
50	112	1.13953
50	114	1.13953
50	116	1.13953
50	118	1.13953
50	120	1.13953
50	122	1.13953
50	124	1.13953
50	126	1.13953
50	128	1.13953
50	130	1.13953
50	132	1.13953
50	134	1.13953
50	136	1.13953
50	138	1.13953
50	140	1.13953
50	142	1.13953
50	144	1.13953
50	146	1.13953
50	148	1.13953
50	150	1.13953
50	152	1.13953
50	154	1.13953
50	156	1.13953
50	158	1.13953
50	160	1.13953
50	162	1.13953
50	164	1.13953
50	166	1.13953
50	168	1.13953
50	170	1.13953
50	172	1.13953
50	174	1.13953
50	176	1.13953
50	178	1.13953
50	180	1.13953
50	182	1.13953
50	184	1.13953
50	186	1.13953
50	188	1.13953
50	190	1.13953
50	192	1.13953
50	194	1.13953
50	196	1.13953
52	2	1.16473
52	4	1.1655
52	6	1.16552
52	8	1.16552
52	10	1.16552
52	12	1.16552
52	14	1.16552
52	16	1.16552
52	18	1.16552
52	20	1.16552
52	22	1.16552
52	24	1.16552
52	26	1.16552
52	28	1.16552
52	30	1.16552
52	32	1.16552
52	34	1.16552
52	36	1.16552
52	38	1.16552
52	40	1.16552
52	42	1.16552
52	44	1.16552
52	46	1.16552
52	48	1.16552
52	50	1.16552
52	52	1.16552
52	54	1.16552
52	56	1.16552
52	58	1.16552
52	60	1.16552
52	62	1.16552
52	64	1.16552
52	66	1.16552
52	68	1.16552
52	70	1.16552
52	72	1.16552
52	74	1.16552
52	76	1.16552
52	78	1.16552
52	80	1.16552
52	82	1.16552
52	84	1.16552
52	86	1.16552
52	88	1.16551
52	90	1.16547
52	92	1.16532
52	94	1.16481
52	96	1.16327
52	98	1.15888
52	100	1.14074
52	102	1.13957
52	104	1.13954
52	106	1.13953
52	108	1.13953
52	110	1.13953
52	112	1.13953
52	114	1.13953
52	116	1.13953
52	118	1.13953
52	120	1.13953
52	122	1.13953
52	124	1.13953
52	126	1.13953
52	128	1.13953
52	130	1.13953
52	132	1.13953
52	134	1.13953
52	136	1.13953
52	138	1.13953
52	140	1.13953
52	142	1.13953
52	144	1.13953
52	146	1.13953
52	148	1.13953
52	150	1.13953
52	152	1.13953
52	154	1.13953
52	156	1.13953
52	158	1.13953
52	160	1.13953
52	162	1.13953
52	164	1.13953
52	166	1.13953
52	168	1.13953
52	170	1.13953
52	172	1.13953
52	174	1.13953
52	176	1.13953
52	178	1.13953
52	180	1.13953
52	182	1.13953
52	184	1.13953
52	186	1.13953
52	188	1.13953
52	190	1.13953
52	192	1.13953
52	194	1.13953
52	196	1.13953
54	2	1.14005
54	4	1.14007
54	6	1.14007
54	8	1.14007
54	10	1.14007
54	12	1.14007
54	14	1.14007
54	16	1.14007
54	18	1.14007
54	20	1.14007
54	22	1.14007
54	24	1.14007
54	26	1.14007
54	28	1.14007
54	30	1.14007
54	32	1.14007
54	34	1.14007
54	36	1.14007
54	38	1.14007
54	40	1.14007
54	42	1.14007
54	44	1.14007
54	46	1.14007
54	48	1.14007
54	50	1.14007
54	52	1.14007
54	54	1.14007
54	56	1.14007
54	58	1.14007
54	60	1.14007
54	62	1.14007
54	64	1.14007
54	66	1.14007
54	68	1.14007
54	70	1.14007
54	72	1.14007
54	74	1.14007
54	76	1.14007
54	78	1.14007
54	80	1.14007
54	82	1.14007
54	84	1.14007
54	86	1.14007
54	88	1.14007
54	90	1.14007
54	92	1.14007
54	94	1.14006
54	96	1.14004
54	98	1.13995
54	100	1.13956
54	102	1.13954
54	104	1.13953
54	106	1.13953
54	108	1.13953
54	110	1.13953
54	112	1.13953
54	114	1.13953
54	116	1.13953
54	118	1.13953
54	120	1.13953
54	122	1.13953
54	124	1.13953
54	126	1.13953
54	128	1.13953
54	130	1.13953
54	132	1.13953
54	134	1.13953
54	136	1.13953
54	138	1.13953
54	140	1.13953
54	142	1.13953
54	144	1.13953
54	146	1.13953
54	148	1.13953
54	150	1.13953
54	152	1.13953
54	154	1.13953
54	156	1.13953
54	158	1.13953
54	160	1.13953
54	162	1.13953
54	164	1.13953
54	166	1.13953
54	168	1.13953
54	170	1.13953
54	172	1.13953
54	174	1.13953
54	176	1.13953
54	178	1.13953
54	180	1.13953
54	182	1.13953
54	184	1.13953
54	186	1.13953
54	188	1.13953
54	190	1.13953
54	192	1.13953
54	194	1.13953
54	196	1.13953
56	2	1.13954
56	4	1.13954
56	6	1.13954
56	8	1.13954
56	10	1.13954
56	12	1.13954
56	14	1.13954
56	16	1.13954
56	18	1.13954
56	20	1.13954
56	22	1.13954
56	24	1.13954
56	26	1.13954
56	28	1.13954
56	30	1.13954
56	32	1.13954
56	34	1.13954
56	36	1.13954
56	38	1.13954
56	40	1.13954
56	42	1.13954
56	44	1.13954
56	46	1.13954
56	48	1.13954
56	50	1.13954
56	52	1.13954
56	54	1.13954
56	56	1.13954
56	58	1.13954
56	60	1.13954
56	62	1.13954
56	64	1.13954
56	66	1.13954
56	68	1.13954
56	70	1.13954
56	72	1.13954
56	74	1.13954
56	76	1.13954
56	78	1.13954
56	80	1.13954
56	82	1.13954
56	84	1.13954
56	86	1.13954
56	88	1.13954
56	90	1.13954
56	92	1.13954
56	94	1.13954
56	96	1.13954
56	98	1.13954
56	100	1.13954
56	102	1.13953
56	104	1.13953
56	106	1.13953
56	108	1.13953
56	110	1.13953
56	112	1.13953
56	114	1.13953
56	116	1.13953
56	118	1.13953
56	120	1.13953
56	122	1.13953
56	124	1.13953
56	126	1.13953
56	128	1.13953
56	130	1.13953
56	132	1.13953
56	134	1.13953
56	136	1.13953
56	138	1.13953
56	140	1.13953
56	142	1.13953
56	144	1.13953
56	146	1.13953
56	148	1.13953
56	150	1.13953
56	152	1.13953
56	154	1.13953
56	156	1.13953
56	158	1.13953
56	160	1.13953
56	162	1.13953
56	164	1.13953
56	166	1.13953
56	168	1.13953
56	170	1.13953
56	172	1.13953
56	174	1.13953
56	176	1.13953
56	178	1.13953
56	180	1.13953
56	182	1.13953
56	184	1.13953
56	186	1.13953
56	188	1.13953
56	190	1.13953
56	192	1.13953
56	194	1.13953
56	196	1.13953
58	2	1.13953
58	4	1.13953
58	6	1.13953
58	8	1.13953
58	10	1.13953
58	12	1.13953
58	14	1.13953
58	16	1.13953
58	18	1.13953
58	20	1.13953
58	22	1.13953
58	24	1.13953
58	26	1.13953
58	28	1.13953
58	30	1.13953
58	32	1.13953
58	34	1.13953
58	36	1.13953
58	38	1.13953
58	40	1.13953
58	42	1.13953
58	44	1.13953
58	46	1.13953
58	48	1.13953
58	50	1.13953
58	52	1.13953
58	54	1.13953
58	56	1.13953
58	58	1.13953
58	60	1.13953
58	62	1.13953
58	64	1.13953
58	66	1.13953
58	68	1.13953
58	70	1.13953
58	72	1.13953
58	74	1.13953
58	76	1.13953
58	78	1.13953
58	80	1.13953
58	82	1.13953
58	84	1.13953
58	86	1.13953
58	88	1.13953
58	90	1.13953
58	92	1.13953
58	94	1.13953
58	96	1.13953
58	98	1.13953
58	100	1.13953
58	102	1.13953
58	104	1.13953
58	106	1.13953
58	108	1.13953
58	110	1.13953
58	112	1.13953
58	114	1.13953
58	116	1.13953
58	118	1.13953
58	120	1.13953
58	122	1.13953
58	124	1.13953
58	126	1.13953
58	128	1.13953
58	130	1.13953
58	132	1.13953
58	134	1.13953
58	136	1.13953
58	138	1.13953
58	140	1.13953
58	142	1.13953
58	144	1.13953
58	146	1.13953
58	148	1.13953
58	150	1.13953
58	152	1.13953
58	154	1.13953
58	156	1.13953
58	158	1.13953
58	160	1.13953
58	162	1.13953
58	164	1.13953
58	166	1.13953
58	168	1.13953
58	170	1.13953
58	172	1.13953
58	174	1.13953
58	176	1.13953
58	178	1.13953
58	180	1.13953
58	182	1.13953
58	184	1.13953
58	186	1.13953
58	188	1.13953
58	190	1.13953
58	192	1.13953
58	194	1.13953
58	196	1.13953
60	2	1.13953
60	4	1.13953
60	6	1.13953
60	8	1.13953
60	10	1.13953
60	12	1.13953
60	14	1.13953
60	16	1.13953
60	18	1.13953
60	20	1.13953
60	22	1.13953
60	24	1.13953
60	26	1.13953
60	28	1.13953
60	30	1.13953
60	32	1.13953
60	34	1.13953
60	36	1.13953
60	38	1.13953
60	40	1.13953
60	42	1.13953
60	44	1.13953
60	46	1.13953
60	48	1.13953
60	50	1.13953
60	52	1.13953
60	54	1.13953
60	56	1.13953
60	58	1.13953
60	60	1.13953
60	62	1.13953
60	64	1.13953
60	66	1.13953
60	68	1.13953
60	70	1.13953
60	72	1.13953
60	74	1.13953
60	76	1.13953
60	78	1.13953
60	80	1.13953
60	82	1.13953
60	84	1.13953
60	86	1.13953
60	88	1.13953
60	90	1.13953
60	92	1.13953
60	94	1.13953
60	96	1.13953
60	98	1.13953
60	100	1.13953
60	102	1.13953
60	104	1.13953
60	106	1.13953
60	108	1.13953
60	110	1.13953
60	112	1.13953
60	114	1.13953
60	116	1.13953
60	118	1.13953
60	120	1.13953
60	122	1.13953
60	124	1.13953
60	126	1.13953
60	128	1.13953
60	130	1.13953
60	132	1.13953
60	134	1.13953
60	136	1.13953
60	138	1.13953
60	140	1.13953
60	142	1.13953
60	144	1.13953
60	146	1.13953
60	148	1.13953
60	150	1.13953
60	152	1.13953
60	154	1.13953
60	156	1.13953
60	158	1.13953
60	160	1.13953
60	162	1.13953
60	164	1.13953
60	166	1.13953
60	168	1.13953
60	170	1.13953
60	172	1.13953
60	174	1.13953
60	176	1.13953
60	178	1.13953
60	180	1.13953
60	182	1.13953
60	184	1.13953
60	186	1.13953
60	188	1.13953
60	190	1.13953
60	192	1.13953
60	194	1.13953
60	196	1.13953
62	2	1.13953
62	4	1.13953
62	6	1.13953
62	8	1.13953
62	10	1.13953
62	12	1.13953
62	14	1.13953
62	16	1.13953
62	18	1.13953
62	20	1.13953
62	22	1.13953
62	24	1.13953
62	26	1.13953
62	28	1.13953
62	30	1.13953
62	32	1.13953
62	34	1.13953
62	36	1.13953
62	38	1.13953
62	40	1.13953
62	42	1.13953
62	44	1.13953
62	46	1.13953
62	48	1.13953
62	50	1.13953
62	52	1.13953
62	54	1.13953
62	56	1.13953
62	58	1.13953
62	60	1.13953
62	62	1.13953
62	64	1.13953
62	66	1.13953
62	68	1.13953
62	70	1.13953
62	72	1.13953
62	74	1.13953
62	76	1.13953
62	78	1.13953
62	80	1.13953
62	82	1.13953
62	84	1.13953
62	86	1.13953
62	88	1.13953
62	90	1.13953
62	92	1.13953
62	94	1.13953
62	96	1.13953
62	98	1.13953
62	100	1.13953
62	102	1.13953
62	104	1.13953
62	106	1.13953
62	108	1.13953
62	110	1.13953
62	112	1.13953
62	114	1.13953
62	116	1.13953
62	118	1.13953
62	120	1.13953
62	122	1.13953
62	124	1.13953
62	126	1.13953
62	128	1.13953
62	130	1.13953
62	132	1.13953
62	134	1.13953
62	136	1.13953
62	138	1.13953
62	140	1.13953
62	142	1.13953
62	144	1.13953
62	146	1.13953
62	148	1.13953
62	150	1.13953
62	152	1.13953
62	154	1.13953
62	156	1.13953
62	158	1.13953
62	160	1.13953
62	162	1.13953
62	164	1.13953
62	166	1.13953
62	168	1.13953
62	170	1.13953
62	172	1.13953
62	174	1.13953
62	176	1.13953
62	178	1.13953
62	180	1.13953
62	182	1.13953
62	184	1.13953
62	186	1.13953
62	188	1.13953
62	190	1.13953
62	192	1.13953
62	194	1.13953
62	196	1.13953
64	2	1.13953
64	4	1.13953
64	6	1.13953
64	8	1.13953
64	10	1.13953
64	12	1.13953
64	14	1.13953
64	16	1.13953
64	18	1.13953
64	20	1.13953
64	22	1.13953
64	24	1.13953
64	26	1.13953
64	28	1.13953
64	30	1.13953
64	32	1.13953
64	34	1.13953
64	36	1.13953
64	38	1.13953
64	40	1.13953
64	42	1.13953
64	44	1.13953
64	46	1.13953
64	48	1.13953
64	50	1.13953
64	52	1.13953
64	54	1.13953
64	56	1.13953
64	58	1.13953
64	60	1.13953
64	62	1.13953
64	64	1.13953
64	66	1.13953
64	68	1.13953
64	70	1.13953
64	72	1.13953
64	74	1.13953
64	76	1.13953
64	78	1.13953
64	80	1.13953
64	82	1.13953
64	84	1.13953
64	86	1.13953
64	88	1.13953
64	90	1.13953
64	92	1.13953
64	94	1.13953
64	96	1.13953
64	98	1.13953
64	100	1.13953
64	102	1.13953
64	104	1.13953
64	106	1.13953
64	108	1.13953
64	110	1.13953
64	112	1.13953
64	114	1.13953
64	116	1.13953
64	118	1.13953
64	120	1.13953
64	122	1.13953
64	124	1.13953
64	126	1.13953
64	128	1.13953
64	130	1.13953
64	132	1.13953
64	134	1.13953
64	136	1.13953
64	138	1.13953
64	140	1.13953
64	142	1.13953
64	144	1.13953
64	146	1.13953
64	148	1.13953
64	150	1.13953
64	152	1.13953
64	154	1.13953
64	156	1.13953
64	158	1.13953
64	160	1.13953
64	162	1.13953
64	164	1.13953
64	166	1.13953
64	168	1.13953
64	170	1.13953
64	172	1.13953
64	174	1.13953
64	176	1.13953
64	178	1.13953
64	180	1.13953
64	182	1.13953
64	184	1.13953
64	186	1.13953
64	188	1.13953
64	190	1.13953
64	192	1.13953
64	194	1.13953
64	196	1.13953
66	2	1.13953
66	4	1.13953
66	6	1.13953
66	8	1.13953
66	10	1.13953
66	12	1.13953
66	14	1.13953
66	16	1.13953
66	18	1.13953
66	20	1.13953
66	22	1.13953
66	24	1.13953
66	26	1.13953
66	28	1.13953
66	30	1.13953
66	32	1.13953
66	34	1.13953
66	36	1.13953
66	38	1.13953
66	40	1.13953
66	42	1.13953
66	44	1.13953
66	46	1.13953
66	48	1.13953
66	50	1.13953
66	52	1.13953
66	54	1.13953
66	56	1.13953
66	58	1.13953
66	60	1.13953
66	62	1.13953
66	64	1.13953
66	66	1.13953
66	68	1.13953
66	70	1.13953
66	72	1.13953
66	74	1.13953
66	76	1.13953
66	78	1.13953
66	80	1.13953
66	82	1.13953
66	84	1.13953
66	86	1.13953
66	88	1.13953
66	90	1.13953
66	92	1.13953
66	94	1.13953
66	96	1.13953
66	98	1.13953
66	100	1.13953
66	102	1.13953
66	104	1.13953
66	106	1.13953
66	108	1.13953
66	110	1.13953
66	112	1.13953
66	114	1.13953
66	116	1.13953
66	118	1.13953
66	120	1.13953
66	122	1.13953
66	124	1.13953
66	126	1.13953
66	128	1.13953
66	130	1.13953
66	132	1.13953
66	134	1.13953
66	136	1.13953
66	138	1.13953
66	140	1.13953
66	142	1.13953
66	144	1.13953
66	146	1.13953
66	148	1.13953
66	150	1.13953
66	152	1.13953
66	154	1.13953
66	156	1.13953
66	158	1.13953
66	160	1.13953
66	162	1.13953
66	164	1.13953
66	166	1.13953
66	168	1.13953
66	170	1.13953
66	172	1.13953
66	174	1.13953
66	176	1.13953
66	178	1.13953
66	180	1.13953
66	182	1.13953
66	184	1.13953
66	186	1.13953
66	188	1.13953
66	190	1.13953
66	192	1.13953
66	194	1.13953
66	196	1.13953
68	2	1.13953
68	4	1.13953
68	6	1.13953
68	8	1.13953
68	10	1.13953
68	12	1.13953
68	14	1.13953
68	16	1.13953
68	18	1.13953
68	20	1.13953
68	22	1.13953
68	24	1.13953
68	26	1.13953
68	28	1.13953
68	30	1.13953
68	32	1.13953
68	34	1.13953
68	36	1.13953
68	38	1.13953
68	40	1.13953
68	42	1.13953
68	44	1.13953
68	46	1.13953
68	48	1.13953
68	50	1.13953
68	52	1.13953
68	54	1.13953
68	56	1.13953
68	58	1.13953
68	60	1.13953
68	62	1.13953
68	64	1.13953
68	66	1.13953
68	68	1.13953
68	70	1.13953
68	72	1.13953
68	74	1.13953
68	76	1.13953
68	78	1.13953
68	80	1.13953
68	82	1.13953
68	84	1.13953
68	86	1.13953
68	88	1.13953
68	90	1.13953
68	92	1.13953
68	94	1.13953
68	96	1.13953
68	98	1.13953
68	100	1.13953
68	102	1.13953
68	104	1.13953
68	106	1.13953
68	108	1.13953
68	110	1.13953
68	112	1.13953
68	114	1.13953
68	116	1.13953
68	118	1.13953
68	120	1.13953
68	122	1.13953
68	124	1.13953
68	126	1.13953
68	128	1.13953
68	130	1.13953
68	132	1.13953
68	134	1.13953
68	136	1.13953
68	138	1.13953
68	140	1.13953
68	142	1.13953
68	144	1.13953
68	146	1.13953
68	148	1.13953
68	150	1.13953
68	152	1.13953
68	154	1.13953
68	156	1.13953
68	158	1.13953
68	160	1.13953
68	162	1.13953
68	164	1.13953
68	166	1.13953
68	168	1.13953
68	170	1.13953
68	172	1.13953
68	174	1.13953
68	176	1.13953
68	178	1.13953
68	180	1.13953
68	182	1.13953
68	184	1.13953
68	186	1.13953
68	188	1.13953
68	190	1.13953
68	192	1.13953
68	194	1.13953
68	196	1.13953
70	2	1.13953
70	4	1.13953
70	6	1.13953
70	8	1.13953
70	10	1.13953
70	12	1.13953
70	14	1.13953
70	16	1.13953
70	18	1.13953
70	20	1.13953
70	22	1.13953
70	24	1.13953
70	26	1.13953
70	28	1.13953
70	30	1.13953
70	32	1.13953
70	34	1.13953
70	36	1.13953
70	38	1.13953
70	40	1.13953
70	42	1.13953
70	44	1.13953
70	46	1.13953
70	48	1.13953
70	50	1.13953
70	52	1.13953
70	54	1.13953
70	56	1.13953
70	58	1.13953
70	60	1.13953
70	62	1.13953
70	64	1.13953
70	66	1.13953
70	68	1.13953
70	70	1.13953
70	72	1.13953
70	74	1.13953
70	76	1.13953
70	78	1.13953
70	80	1.13953
70	82	1.13953
70	84	1.13953
70	86	1.13953
70	88	1.13953
70	90	1.13953
70	92	1.13953
70	94	1.13953
70	96	1.13953
70	98	1.13953
70	100	1.13953
70	102	1.13953
70	104	1.13953
70	106	1.13953
70	108	1.13953
70	110	1.13953
70	112	1.13953
70	114	1.13953
70	116	1.13953
70	118	1.13953
70	120	1.13953
70	122	1.13953
70	124	1.13953
70	126	1.13953
70	128	1.13953
70	130	1.13953
70	132	1.13953
70	134	1.13953
70	136	1.13953
70	138	1.13953
70	140	1.13953
70	142	1.13953
70	144	1.13953
70	146	1.13953
70	148	1.13953
70	150	1.13953
70	152	1.13953
70	154	1.13953
70	156	1.13953
70	158	1.13953
70	160	1.13953
70	162	1.13953
70	164	1.13953
70	166	1.13953
70	168	1.13953
70	170	1.13953
70	172	1.13953
70	174	1.13953
70	176	1.13953
70	178	1.13953
70	180	1.13953
70	182	1.13953
70	184	1.13953
70	186	1.13953
70	188	1.13953
70	190	1.13953
70	192	1.13953
70	194	1.13953
70	196	1.13953
72	2	1.13953
72	4	1.13953
72	6	1.13953
72	8	1.13953
72	10	1.13953
72	12	1.13953
72	14	1.13953
72	16	1.13953
72	18	1.13953
72	20	1.13953
72	22	1.13953
72	24	1.13953
72	26	1.13953
72	28	1.13953
72	30	1.13953
72	32	1.13953
72	34	1.13953
72	36	1.13953
72	38	1.13953
72	40	1.13953
72	42	1.13953
72	44	1.13953
72	46	1.13953
72	48	1.13953
72	50	1.13953
72	52	1.13953
72	54	1.13953
72	56	1.13953
72	58	1.13953
72	60	1.13953
72	62	1.13953
72	64	1.13953
72	66	1.13953
72	68	1.13953
72	70	1.13953
72	72	1.13953
72	74	1.13953
72	76	1.13953
72	78	1.13953
72	80	1.13953
72	82	1.13953
72	84	1.13953
72	86	1.13953
72	88	1.13953
72	90	1.13953
72	92	1.13953
72	94	1.13953
72	96	1.13953
72	98	1.13953
72	100	1.13953
72	102	1.13953
72	104	1.13953
72	106	1.13953
72	108	1.13953
72	110	1.13953
72	112	1.13953
72	114	1.13953
72	116	1.13953
72	118	1.13953
72	120	1.13953
72	122	1.13953
72	124	1.13953
72	126	1.13953
72	128	1.13953
72	130	1.13953
72	132	1.13953
72	134	1.13953
72	136	1.13953
72	138	1.13953
72	140	1.13953
72	142	1.13953
72	144	1.13953
72	146	1.13953
72	148	1.13953
72	150	1.13953
72	152	1.13953
72	154	1.13953
72	156	1.13953
72	158	1.13953
72	160	1.13953
72	162	1.13953
72	164	1.13953
72	166	1.13953
72	168	1.13953
72	170	1.13953
72	172	1.13953
72	174	1.13953
72	176	1.13953
72	178	1.13953
72	180	1.13953
72	182	1.13953
72	184	1.13953
72	186	1.13953
72	188	1.13953
72	190	1.13953
72	192	1.13953
72	194	1.13953
72	196	1.13953
74	2	1.13953
74	4	1.13953
74	6	1.13953
74	8	1.13953
74	10	1.13953
74	12	1.13953
74	14	1.13953
74	16	1.13953
74	18	1.13953
74	20	1.13953
74	22	1.13953
74	24	1.13953
74	26	1.13953
74	28	1.13953
74	30	1.13953
74	32	1.13953
74	34	1.13953
74	36	1.13953
74	38	1.13953
74	40	1.13953
74	42	1.13953
74	44	1.13953
74	46	1.13953
74	48	1.13953
74	50	1.13953
74	52	1.13953
74	54	1.13953
74	56	1.13953
74	58	1.13953
74	60	1.13953
74	62	1.13953
74	64	1.13953
74	66	1.13953
74	68	1.13953
74	70	1.13953
74	72	1.13953
74	74	1.13953
74	76	1.13953
74	78	1.13953
74	80	1.13953
74	82	1.13953
74	84	1.13953
74	86	1.13953
74	88	1.13953
74	90	1.13953
74	92	1.13953
74	94	1.13953
74	96	1.13953
74	98	1.13953
74	100	1.13953
74	102	1.13953
74	104	1.13953
74	106	1.13953
74	108	1.13953
74	110	1.13953
74	112	1.13953
74	114	1.13953
74	116	1.13953
74	118	1.13953
74	120	1.13953
74	122	1.13953
74	124	1.13953
74	126	1.13953
74	128	1.13953
74	130	1.13953
74	132	1.13953
74	134	1.13953
74	136	1.13953
74	138	1.13953
74	140	1.13953
74	142	1.13953
74	144	1.13953
74	146	1.13953
74	148	1.13953
74	150	1.13953
74	152	1.13953
74	154	1.13953
74	156	1.13953
74	158	1.13953
74	160	1.13953
74	162	1.13953
74	164	1.13953
74	166	1.13953
74	168	1.13953
74	170	1.13953
74	172	1.13953
74	174	1.13953
74	176	1.13953
74	178	1.13953
74	180	1.13953
74	182	1.13953
74	184	1.13953
74	186	1.13953
74	188	1.13953
74	190	1.13953
74	192	1.13953
74	194	1.13953
74	196	1.13953
76	2	1.13953
76	4	1.13953
76	6	1.13953
76	8	1.13953
76	10	1.13953
76	12	1.13953
76	14	1.13953
76	16	1.13953
76	18	1.13953
76	20	1.13953
76	22	1.13953
76	24	1.13953
76	26	1.13953
76	28	1.13953
76	30	1.13953
76	32	1.13953
76	34	1.13953
76	36	1.13953
76	38	1.13953
76	40	1.13953
76	42	1.13953
76	44	1.13953
76	46	1.13953
76	48	1.13953
76	50	1.13953
76	52	1.13953
76	54	1.13953
76	56	1.13953
76	58	1.13953
76	60	1.13953
76	62	1.13953
76	64	1.13953
76	66	1.13953
76	68	1.13953
76	70	1.13953
76	72	1.13953
76	74	1.13953
76	76	1.13953
76	78	1.13953
76	80	1.13953
76	82	1.13953
76	84	1.13953
76	86	1.13953
76	88	1.13953
76	90	1.13953
76	92	1.13953
76	94	1.13953
76	96	1.13953
76	98	1.13953
76	100	1.13953
76	102	1.13953
76	104	1.13953
76	106	1.13953
76	108	1.13953
76	110	1.13953
76	112	1.13953
76	114	1.13953
76	116	1.13953
76	118	1.13953
76	120	1.13953
76	122	1.13953
76	124	1.13953
76	126	1.13953
76	128	1.13953
76	130	1.13953
76	132	1.13953
76	134	1.13953
76	136	1.13953
76	138	1.13953
76	140	1.13953
76	142	1.13953
76	144	1.13953
76	146	1.13953
76	148	1.13953
76	150	1.13953
76	152	1.13953
76	154	1.13953
76	156	1.13953
76	158	1.13953
76	160	1.13953
76	162	1.13953
76	164	1.13953
76	166	1.13953
76	168	1.13953
76	170	1.13953
76	172	1.13953
76	174	1.13953
76	176	1.13953
76	178	1.13953
76	180	1.13953
76	182	1.13953
76	184	1.13953
76	186	1.13953
76	188	1.13953
76	190	1.13953
76	192	1.13953
76	194	1.13953
76	196	1.13953
78	2	1.13953
78	4	1.13953
78	6	1.13953
78	8	1.13953
78	10	1.13953
78	12	1.13953
78	14	1.13953
78	16	1.13953
78	18	1.13953
78	20	1.13953
78	22	1.13953
78	24	1.13953
78	26	1.13953
78	28	1.13953
78	30	1.13953
78	32	1.13953
78	34	1.13953
78	36	1.13953
78	38	1.13953
78	40	1.13953
78	42	1.13953
78	44	1.13953
78	46	1.13953
78	48	1.13953
78	50	1.13953
78	52	1.13953
78	54	1.13953
78	56	1.13953
78	58	1.13953
78	60	1.13953
78	62	1.13953
78	64	1.13953
78	66	1.13953
78	68	1.13953
78	70	1.13953
78	72	1.13953
78	74	1.13953
78	76	1.13953
78	78	1.13953
78	80	1.13953
78	82	1.13953
78	84	1.13953
78	86	1.13953
78	88	1.13953
78	90	1.13953
78	92	1.13953
78	94	1.13953
78	96	1.13953
78	98	1.13953
78	100	1.13953
78	102	1.13953
78	104	1.13953
78	106	1.13953
78	108	1.13953
78	110	1.13953
78	112	1.13953
78	114	1.13953
78	116	1.13953
78	118	1.13953
78	120	1.13953
78	122	1.13953
78	124	1.13953
78	126	1.13953
78	128	1.13953
78	130	1.13953
78	132	1.13953
78	134	1.13953
78	136	1.13953
78	138	1.13953
78	140	1.13953
78	142	1.13953
78	144	1.13953
78	146	1.13953
78	148	1.13953
78	150	1.13953
78	152	1.13953
78	154	1.13953
78	156	1.13953
78	158	1.13953
78	160	1.13953
78	162	1.13953
78	164	1.13953
78	166	1.13953
78	168	1.13953
78	170	1.13953
78	172	1.13953
78	174	1.13953
78	176	1.13953
78	178	1.13953
78	180	1.13953
78	182	1.13953
78	184	1.13953
78	186	1.13953
78	188	1.13953
78	190	1.13953
78	192	1.13953
78	194	1.13953
78	196	1.13953
80	2	1.13953
80	4	1.13953
80	6	1.13953
80	8	1.13953
80	10	1.13953
80	12	1.13953
80	14	1.13953
80	16	1.13953
80	18	1.13953
80	20	1.13953
80	22	1.13953
80	24	1.13953
80	26	1.13953
80	28	1.13953
80	30	1.13953
80	32	1.13953
80	34	1.13953
80	36	1.13953
80	38	1.13953
80	40	1.13953
80	42	1.13953
80	44	1.13953
80	46	1.13953
80	48	1.13953
80	50	1.13953
80	52	1.13953
80	54	1.13953
80	56	1.13953
80	58	1.13953
80	60	1.13953
80	62	1.13953
80	64	1.13953
80	66	1.13953
80	68	1.13953
80	70	1.13953
80	72	1.13953
80	74	1.13953
80	76	1.13953
80	78	1.13953
80	80	1.13953
80	82	1.13953
80	84	1.13953
80	86	1.13953
80	88	1.13953
80	90	1.13953
80	92	1.13953
80	94	1.13953
80	96	1.13953
80	98	1.13953
80	100	1.13953
80	102	1.13953
80	104	1.13953
80	106	1.13953
80	108	1.13953
80	110	1.13953
80	112	1.13953
80	114	1.13953
80	116	1.13953
80	118	1.13953
80	120	1.13953
80	122	1.13953
80	124	1.13953
80	126	1.13953
80	128	1.13953
80	130	1.13953
80	132	1.13953
80	134	1.13953
80	136	1.13953
80	138	1.13953
80	140	1.13953
80	142	1.13953
80	144	1.13953
80	146	1.13953
80	148	1.13953
80	150	1.13953
80	152	1.13953
80	154	1.13953
80	156	1.13953
80	158	1.13953
80	160	1.13953
80	162	1.13953
80	164	1.13953
80	166	1.13953
80	168	1.13953
80	170	1.13953
80	172	1.13953
80	174	1.13953
80	176	1.13953
80	178	1.13953
80	180	1.13953
80	182	1.13953
80	184	1.13953
80	186	1.13953
80	188	1.13953
80	190	1.13953
80	192	1.13953
80	194	1.13953
80	196	1.13953
82	2	1.13953
82	4	1.13953
82	6	1.13953
82	8	1.13953
82	10	1.13953
82	12	1.13953
82	14	1.13953
82	16	1.13953
82	18	1.13953
82	20	1.13953
82	22	1.13953
82	24	1.13953
82	26	1.13953
82	28	1.13953
82	30	1.13953
82	32	1.13953
82	34	1.13953
82	36	1.13953
82	38	1.13953
82	40	1.13953
82	42	1.13953
82	44	1.13953
82	46	1.13953
82	48	1.13953
82	50	1.13953
82	52	1.13953
82	54	1.13953
82	56	1.13953
82	58	1.13953
82	60	1.13953
82	62	1.13953
82	64	1.13953
82	66	1.13953
82	68	1.13953
82	70	1.13953
82	72	1.13953
82	74	1.13953
82	76	1.13953
82	78	1.13953
82	80	1.13953
82	82	1.13953
82	84	1.13953
82	86	1.13953
82	88	1.13953
82	90	1.13953
82	92	1.13953
82	94	1.13953
82	96	1.13953
82	98	1.13953
82	100	1.13953
82	102	1.13953
82	104	1.13953
82	106	1.13953
82	108	1.13953
82	110	1.13953
82	112	1.13953
82	114	1.13953
82	116	1.13953
82	118	1.13953
82	120	1.13953
82	122	1.13953
82	124	1.13953
82	126	1.13953
82	128	1.13953
82	130	1.13953
82	132	1.13953
82	134	1.13953
82	136	1.13953
82	138	1.13953
82	140	1.13953
82	142	1.13953
82	144	1.13953
82	146	1.13953
82	148	1.13953
82	150	1.13953
82	152	1.13953
82	154	1.13953
82	156	1.13953
82	158	1.13953
82	160	1.13953
82	162	1.13953
82	164	1.13953
82	166	1.13953
82	168	1.13953
82	170	1.13953
82	172	1.13953
82	174	1.13953
82	176	1.13953
82	178	1.13953
82	180	1.13953
82	182	1.13953
82	184	1.13953
82	186	1.13953
82	188	1.13953
82	190	1.13953
82	192	1.13953
82	194	1.13953
82	196	1.13953
84	2	1.13953
84	4	1.13953
84	6	1.13953
84	8	1.13953
84	10	1.13953
84	12	1.13953
84	14	1.13953
84	16	1.13953
84	18	1.13953
84	20	1.13953
84	22	1.13953
84	24	1.13953
84	26	1.13953
84	28	1.13953
84	30	1.13953
84	32	1.13953
84	34	1.13953
84	36	1.13953
84	38	1.13953
84	40	1.13953
84	42	1.13953
84	44	1.13953
84	46	1.13953
84	48	1.13953
84	50	1.13953
84	52	1.13953
84	54	1.13953
84	56	1.13953
84	58	1.13953
84	60	1.13953
84	62	1.13953
84	64	1.13953
84	66	1.13953
84	68	1.13953
84	70	1.13953
84	72	1.13953
84	74	1.13953
84	76	1.13953
84	78	1.13953
84	80	1.13953
84	82	1.13953
84	84	1.13953
84	86	1.13953
84	88	1.13953
84	90	1.13953
84	92	1.13953
84	94	1.13953
84	96	1.13953
84	98	1.13953
84	100	1.13953
84	102	1.13953
84	104	1.13953
84	106	1.13953
84	108	1.13953
84	110	1.13953
84	112	1.13953
84	114	1.13953
84	116	1.13953
84	118	1.13953
84	120	1.13953
84	122	1.13953
84	124	1.13953
84	126	1.13953
84	128	1.13953
84	130	1.13953
84	132	1.13953
84	134	1.13953
84	136	1.13953
84	138	1.13953
84	140	1.13953
84	142	1.13953
84	144	1.13953
84	146	1.13953
84	148	1.13953
84	150	1.13953
84	152	1.13953
84	154	1.13953
84	156	1.13953
84	158	1.13953
84	160	1.13953
84	162	1.13953
84	164	1.13953
84	166	1.13953
84	168	1.13953
84	170	1.13953
84	172	1.13953
84	174	1.13953
84	176	1.13953
84	178	1.13953
84	180	1.13953
84	182	1.13953
84	184	1.13953
84	186	1.13953
84	188	1.13953
84	190	1.13953
84	192	1.13953
84	194	1.13953
84	196	1.13953
86	2	1.13953
86	4	1.13953
86	6	1.13953
86	8	1.13953
86	10	1.13953
86	12	1.13953
86	14	1.13953
86	16	1.13953
86	18	1.13953
86	20	1.13953
86	22	1.13953
86	24	1.13953
86	26	1.13953
86	28	1.13953
86	30	1.13953
86	32	1.13953
86	34	1.13953
86	36	1.13953
86	38	1.13953
86	40	1.13953
86	42	1.13953
86	44	1.13953
86	46	1.13953
86	48	1.13953
86	50	1.13953
86	52	1.13953
86	54	1.13953
86	56	1.13953
86	58	1.13953
86	60	1.13953
86	62	1.13953
86	64	1.13953
86	66	1.13953
86	68	1.13953
86	70	1.13953
86	72	1.13953
86	74	1.13953
86	76	1.13953
86	78	1.13953
86	80	1.13953
86	82	1.13953
86	84	1.13953
86	86	1.13953
86	88	1.13953
86	90	1.13953
86	92	1.13953
86	94	1.13953
86	96	1.13953
86	98	1.13953
86	100	1.13953
86	102	1.13953
86	104	1.13953
86	106	1.13953
86	108	1.13953
86	110	1.13953
86	112	1.13953
86	114	1.13953
86	116	1.13953
86	118	1.13953
86	120	1.13953
86	122	1.13953
86	124	1.13953
86	126	1.13953
86	128	1.13953
86	130	1.13953
86	132	1.13953
86	134	1.13953
86	136	1.13953
86	138	1.13953
86	140	1.13953
86	142	1.13953
86	144	1.13953
86	146	1.13953
86	148	1.13953
86	150	1.13953
86	152	1.13953
86	154	1.13953
86	156	1.13953
86	158	1.13953
86	160	1.13953
86	162	1.13953
86	164	1.13953
86	166	1.13953
86	168	1.13953
86	170	1.13953
86	172	1.13953
86	174	1.13953
86	176	1.13953
86	178	1.13953
86	180	1.13953
86	182	1.13953
86	184	1.13953
86	186	1.13953
86	188	1.13953
86	190	1.13953
86	192	1.13953
86	194	1.13953
86	196	1.13953
88	2	1.13953
88	4	1.13953
88	6	1.13953
88	8	1.13953
88	10	1.13953
88	12	1.13953
88	14	1.13953
88	16	1.13953
88	18	1.13953
88	20	1.13953
88	22	1.13953
88	24	1.13953
88	26	1.13953
88	28	1.13953
88	30	1.13953
88	32	1.13953
88	34	1.13953
88	36	1.13953
88	38	1.13953
88	40	1.13953
88	42	1.13953
88	44	1.13953
88	46	1.13953
88	48	1.13953
88	50	1.13953
88	52	1.13953
88	54	1.13953
88	56	1.13953
88	58	1.13953
88	60	1.13953
88	62	1.13953
88	64	1.13953
88	66	1.13953
88	68	1.13953
88	70	1.13953
88	72	1.13953
88	74	1.13953
88	76	1.13953
88	78	1.13953
88	80	1.13953
88	82	1.13953
88	84	1.13953
88	86	1.13953
88	88	1.13953
88	90	1.13953
88	92	1.13953
88	94	1.13953
88	96	1.13953
88	98	1.13953
88	100	1.13953
88	102	1.13953
88	104	1.13953
88	106	1.13953
88	108	1.13953
88	110	1.13953
88	112	1.13953
88	114	1.13953
88	116	1.13953
88	118	1.13953
88	120	1.13953
88	122	1.13953
88	124	1.13953
88	126	1.13953
88	128	1.13953
88	130	1.13953
88	132	1.13953
88	134	1.13953
88	136	1.13953
88	138	1.13953
88	140	1.13953
88	142	1.13953
88	144	1.13953
88	146	1.13953
88	148	1.13953
88	150	1.13953
88	152	1.13953
88	154	1.13953
88	156	1.13953
88	158	1.13953
88	160	1.13953
88	162	1.13953
88	164	1.13953
88	166	1.13953
88	168	1.13953
88	170	1.13953
88	172	1.13953
88	174	1.13953
88	176	1.13953
88	178	1.13953
88	180	1.13953
88	182	1.13953
88	184	1.13953
88	186	1.13953
88	188	1.13953
88	190	1.13953
88	192	1.13953
88	194	1.13953
88	196	1.13953
90	2	1.13953
90	4	1.13953
90	6	1.13953
90	8	1.13953
90	10	1.13953
90	12	1.13953
90	14	1.13953
90	16	1.13953
90	18	1.13953
90	20	1.13953
90	22	1.13953
90	24	1.13953
90	26	1.13953
90	28	1.13953
90	30	1.13953
90	32	1.13953
90	34	1.13953
90	36	1.13953
90	38	1.13953
90	40	1.13953
90	42	1.13953
90	44	1.13953
90	46	1.13953
90	48	1.13953
90	50	1.13953
90	52	1.13953
90	54	1.13953
90	56	1.13953
90	58	1.13953
90	60	1.13953
90	62	1.13953
90	64	1.13953
90	66	1.13953
90	68	1.13953
90	70	1.13953
90	72	1.13953
90	74	1.13953
90	76	1.13953
90	78	1.13953
90	80	1.13953
90	82	1.13953
90	84	1.13953
90	86	1.13953
90	88	1.13953
90	90	1.13953
90	92	1.13953
90	94	1.13953
90	96	1.13953
90	98	1.13953
90	100	1.13953
90	102	1.13953
90	104	1.13953
90	106	1.13953
90	108	1.13953
90	110	1.13953
90	112	1.13953
90	114	1.13953
90	116	1.13953
90	118	1.13953
90	120	1.13953
90	122	1.13953
90	124	1.13953
90	126	1.13953
90	128	1.13953
90	130	1.13953
90	132	1.13953
90	134	1.13953
90	136	1.13953
90	138	1.13953
90	140	1.13953
90	142	1.13953
90	144	1.13953
90	146	1.13953
90	148	1.13953
90	150	1.13953
90	152	1.13953
90	154	1.13953
90	156	1.13953
90	158	1.13953
90	160	1.13953
90	162	1.13953
90	164	1.13953
90	166	1.13953
90	168	1.13953
90	170	1.13953
90	172	1.13953
90	174	1.13953
90	176	1.13953
90	178	1.13953
90	180	1.13953
90	182	1.13953
90	184	1.13953
90	186	1.13953
90	188	1.13953
90	190	1.13953
90	192	1.13953
90	194	1.13953
90	196	1.13953
92	2	1.13953
92	4	1.13953
92	6	1.13953
92	8	1.13953
92	10	1.13953
92	12	1.13953
92	14	1.13953
92	16	1.13953
92	18	1.13953
92	20	1.13953
92	22	1.13953
92	24	1.13953
92	26	1.13953
92	28	1.13953
92	30	1.13953
92	32	1.13953
92	34	1.13953
92	36	1.13953
92	38	1.13953
92	40	1.13953
92	42	1.13953
92	44	1.13953
92	46	1.13953
92	48	1.13953
92	50	1.13953
92	52	1.13953
92	54	1.13953
92	56	1.13953
92	58	1.13953
92	60	1.13953
92	62	1.13953
92	64	1.13953
92	66	1.13953
92	68	1.13953
92	70	1.13953
92	72	1.13953
92	74	1.13953
92	76	1.13953
92	78	1.13953
92	80	1.13953
92	82	1.13953
92	84	1.13953
92	86	1.13953
92	88	1.13953
92	90	1.13953
92	92	1.13953
92	94	1.13953
92	96	1.13953
92	98	1.13953
92	100	1.13953
92	102	1.13953
92	104	1.13953
92	106	1.13953
92	108	1.13953
92	110	1.13953
92	112	1.13953
92	114	1.13953
92	116	1.13953
92	118	1.13953
92	120	1.13953
92	122	1.13953
92	124	1.13953
92	126	1.13953
92	128	1.13953
92	130	1.13953
92	132	1.13953
92	134	1.13953
92	136	1.13953
92	138	1.13953
92	140	1.13953
92	142	1.13953
92	144	1.13953
92	146	1.13953
92	148	1.13953
92	150	1.13953
92	152	1.13953
92	154	1.13953
92	156	1.13953
92	158	1.13953
92	160	1.13953
92	162	1.13953
92	164	1.13953
92	166	1.13953
92	168	1.13953
92	170	1.13953
92	172	1.13953
92	174	1.13953
92	176	1.13953
92	178	1.13953
92	180	1.13953
92	182	1.13953
92	184	1.13953
92	186	1.13953
92	188	1.13953
92	190	1.13953
92	192	1.13953
92	194	1.13953
92	196	1.13953
94	2	1.13953
94	4	1.13953
94	6	1.13953
94	8	1.13953
94	10	1.13953
94	12	1.13953
94	14	1.13953
94	16	1.13953
94	18	1.13953
94	20	1.13953
94	22	1.13953
94	24	1.13953
94	26	1.13953
94	28	1.13953
94	30	1.13953
94	32	1.13953
94	34	1.13953
94	36	1.13953
94	38	1.13953
94	40	1.13953
94	42	1.13953
94	44	1.13953
94	46	1.13953
94	48	1.13953
94	50	1.13953
94	52	1.13953
94	54	1.13953
94	56	1.13953
94	58	1.13953
94	60	1.13953
94	62	1.13953
94	64	1.13953
94	66	1.13953
94	68	1.13953
94	70	1.13953
94	72	1.13953
94	74	1.13953
94	76	1.13953
94	78	1.13953
94	80	1.13953
94	82	1.13953
94	84	1.13953
94	86	1.13953
94	88	1.13953
94	90	1.13953
94	92	1.13953
94	94	1.13953
94	96	1.13953
94	98	1.13953
94	100	1.13953
94	102	1.13953
94	104	1.13953
94	106	1.13953
94	108	1.13953
94	110	1.13953
94	112	1.13953
94	114	1.13953
94	116	1.13953
94	118	1.13953
94	120	1.13953
94	122	1.13953
94	124	1.13953
94	126	1.13953
94	128	1.13953
94	130	1.13953
94	132	1.13953
94	134	1.13953
94	136	1.13953
94	138	1.13953
94	140	1.13953
94	142	1.13953
94	144	1.13953
94	146	1.13953
94	148	1.13953
94	150	1.13953
94	152	1.13953
94	154	1.13953
94	156	1.13953
94	158	1.13953
94	160	1.13953
94	162	1.13953
94	164	1.13953
94	166	1.13953
94	168	1.13953
94	170	1.13953
94	172	1.13953
94	174	1.13953
94	176	1.13953
94	178	1.13953
94	180	1.13953
94	182	1.13953
94	184	1.13953
94	186	1.13953
94	188	1.13953
94	190	1.13953
94	192	1.13953
94	194	1.13953
94	196	1.13953
96	2	1.13953
96	4	1.13953
96	6	1.13953
96	8	1.13953
96	10	1.13953
96	12	1.13953
96	14	1.13953
96	16	1.13953
96	18	1.13953
96	20	1.13953
96	22	1.13953
96	24	1.13953
96	26	1.13953
96	28	1.13953
96	30	1.13953
96	32	1.13953
96	34	1.13953
96	36	1.13953
96	38	1.13953
96	40	1.13953
96	42	1.13953
96	44	1.13953
96	46	1.13953
96	48	1.13953
96	50	1.13953
96	52	1.13953
96	54	1.13953
96	56	1.13953
96	58	1.13953
96	60	1.13953
96	62	1.13953
96	64	1.13953
96	66	1.13953
96	68	1.13953
96	70	1.13953
96	72	1.13953
96	74	1.13953
96	76	1.13953
96	78	1.13953
96	80	1.13953
96	82	1.13953
96	84	1.13953
96	86	1.13953
96	88	1.13953
96	90	1.13953
96	92	1.13953
96	94	1.13953
96	96	1.13953
96	98	1.13953
96	100	1.13953
96	102	1.13953
96	104	1.13953
96	106	1.13953
96	108	1.13953
96	110	1.13953
96	112	1.13953
96	114	1.13953
96	116	1.13953
96	118	1.13953
96	120	1.13953
96	122	1.13953
96	124	1.13953
96	126	1.13953
96	128	1.13953
96	130	1.13953
96	132	1.13953
96	134	1.13953
96	136	1.13953
96	138	1.13953
96	140	1.13953
96	142	1.13953
96	144	1.13953
96	146	1.13953
96	148	1.13953
96	150	1.13953
96	152	1.13953
96	154	1.13953
96	156	1.13953
96	158	1.13953
96	160	1.13953
96	162	1.13953
96	164	1.13953
96	166	1.13953
96	168	1.13953
96	170	1.13953
96	172	1.13953
96	174	1.13953
96	176	1.13953
96	178	1.13953
96	180	1.13953
96	182	1.13953
96	184	1.13953
96	186	1.13953
96	188	1.13953
96	190	1.13953
96	192	1.13953
96	194	1.13953
96	196	1.13953
