2	2	9
2	4	9
2	6	9
2	8	9
2	10	9
2	12	9
2	14	9
2	16	9
2	18	9
2	20	9
2	22	9
2	24	9
2	26	9
2	28	9
2	30	9
2	32	9
2	34	9
2	36	9
2	38	9
2	40	9
2	42	9
2	44	9
2	46	9
2	48	9
2	50	9
2	52	9
2	54	9
2	56	9
2	58	9
2	60	9
2	62	9
2	64	9
2	66	9
2	68	9
2	70	9
2	72	9
2	74	9
2	76	9
2	78	9
2	80	9
2	82	9
2	84	9
2	86	8.99999
2	88	8.99981
2	90	8.99728
2	92	8.96679
2	94	8.68227
2	96	7.05642
2	98	3.69084
2	100	1.68425
2	102	1.2956
2	104	1.28592
2	106	1.28572
2	108	1.28571
2	110	1.28571
2	112	1.28571
2	114	1.28571
2	116	1.28571
2	118	1.28571
2	120	1.28571
2	122	1.28571
2	124	1.28571
2	126	1.28571
2	128	1.28571
2	130	1.28571
2	132	1.28571
2	134	1.28571
2	136	1.28571
2	138	1.28571
2	140	1.28571
2	142	1.28571
2	144	1.28571
2	146	1.28571
2	148	1.28571
2	150	1.28571
2	152	1.28571
2	154	1.28571
2	156	1.28571
2	158	1.28571
2	160	1.28571
2	162	1.28571
2	164	1.28571
2	166	1.28571
2	168	1.28571
2	170	1.28571
2	172	1.28571
2	174	1.28571
2	176	1.28571
2	178	1.28571
2	180	1.28571
2	182	1.28571
2	184	1.28571
2	186	1.28571
2	188	1.28571
2	190	1.28571
2	192	1.28571
2	194	1.28571
2	196	1.28571
4	2	9
4	4	9
4	6	9
4	8	9
4	10	9
4	12	9
4	14	9
4	16	9
4	18	9
4	20	9
4	22	9
4	24	9
4	26	9
4	28	9
4	30	9
4	32	9
4	34	9
4	36	9
4	38	9
4	40	9
4	42	9
4	44	9
4	46	9
4	48	9
4	50	9
4	52	9
4	54	9
4	56	9
4	58	9
4	60	9
4	62	9
4	64	9
4	66	9
4	68	9
4	70	9
4	72	9
4	74	9
4	76	9
4	78	9
4	80	9
4	82	9
4	84	9
4	86	8.99999
4	88	8.99982
4	90	8.99729
4	92	8.96681
4	94	8.68248
4	96	7.05831
4	98	3.69673
4	100	1.6958
4	102	1.2959
4	104	1.28592
4	106	1.28572
4	108	1.28571
4	110	1.28571
4	112	1.28571
4	114	1.28571
4	116	1.28571
4	118	1.28571
4	120	1.28571
4	122	1.28571
4	124	1.28571
4	126	1.28571
4	128	1.28571
4	130	1.28571
4	132	1.28571
4	134	1.28571
4	136	1.28571
4	138	1.28571
4	140	1.28571
4	142	1.28571
4	144	1.28571
4	146	1.28571
4	148	1.28571
4	150	1.28571
4	152	1.28571
4	154	1.28571
4	156	1.28571
4	158	1.28571
4	160	1.28571
4	162	1.28571
4	164	1.28571
4	166	1.28571
4	168	1.28571
4	170	1.28571
4	172	1.28571
4	174	1.28571
4	176	1.28571
4	178	1.28571
4	180	1.28571
4	182	1.28571
4	184	1.28571
4	186	1.28571
4	188	1.28571
4	190	1.28571
4	192	1.28571
4	194	1.28571
4	196	1.28571
6	2	9
6	4	9
6	6	9
6	8	9
6	10	9
6	12	9
6	14	9
6	16	9
6	18	9
6	20	9
6	22	9
6	24	9
6	26	9
6	28	9
6	30	9
6	32	9
6	34	9
6	36	9
6	38	9
6	40	9
6	42	9
6	44	9
6	46	9
6	48	9
6	50	9
6	52	9
6	54	9
6	56	9
6	58	9
6	60	9
6	62	9
6	64	9
6	66	9
6	68	9
6	70	9
6	72	9
6	74	9
6	76	9
6	78	9
6	80	9
6	82	9
6	84	9
6	86	8.99999
6	88	8.99982
6	90	8.99729
6	92	8.96681
6	94	8.68252
6	96	7.05861
6	98	3.69734
6	100	1.69604
6	102	1.29591
6	104	1.28592
6	106	1.28572
6	108	1.28571
6	110	1.28571
6	112	1.28571
6	114	1.28571
6	116	1.28571
6	118	1.28571
6	120	1.28571
6	122	1.28571
6	124	1.28571
6	126	1.28571
6	128	1.28571
6	130	1.28571
6	132	1.28571
6	134	1.28571
6	136	1.28571
6	138	1.28571
6	140	1.28571
6	142	1.28571
6	144	1.28571
6	146	1.28571
6	148	1.28571
6	150	1.28571
6	152	1.28571
6	154	1.28571
6	156	1.28571
6	158	1.28571
6	160	1.28571
6	162	1.28571
6	164	1.28571
6	166	1.28571
6	168	1.28571
6	170	1.28571
6	172	1.28571
6	174	1.28571
6	176	1.28571
6	178	1.28571
6	180	1.28571
6	182	1.28571
6	184	1.28571
6	186	1.28571
6	188	1.28571
6	190	1.28571
6	192	1.28571
6	194	1.28571
6	196	1.28571
8	2	9
8	4	9
8	6	9
8	8	9
8	10	9
8	12	9
8	14	9
8	16	9
8	18	9
8	20	9
8	22	9
8	24	9
8	26	9
8	28	9
8	30	9
8	32	9
8	34	9
8	36	9
8	38	9
8	40	9
8	42	9
8	44	9
8	46	9
8	48	9
8	50	9
8	52	9
8	54	9
8	56	9
8	58	9
8	60	9
8	62	9
8	64	9
8	66	9
8	68	9
8	70	9
8	72	9
8	74	9
8	76	9
8	78	9
8	80	9
8	82	9
8	84	9
8	86	8.99999
8	88	8.99982
8	90	8.99729
8	92	8.96681
8	94	8.68253
8	96	7.05864
8	98	3.69739
8	100	1.69604
8	102	1.29591
8	104	1.28592
8	106	1.28572
8	108	1.28571
8	110	1.28571
8	112	1.28571
8	114	1.28571
8	116	1.28571
8	118	1.28571
8	120	1.28571
8	122	1.28571
8	124	1.28571
8	126	1.28571
8	128	1.28571
8	130	1.28571
8	132	1.28571
8	134	1.28571
8	136	1.28571
8	138	1.28571
8	140	1.28571
8	142	1.28571
8	144	1.28571
8	146	1.28571
8	148	1.28571
8	150	1.28571
8	152	1.28571
8	154	1.28571
8	156	1.28571
8	158	1.28571
8	160	1.28571
8	162	1.28571
8	164	1.28571
8	166	1.28571
8	168	1.28571
8	170	1.28571
8	172	1.28571
8	174	1.28571
8	176	1.28571
8	178	1.28571
8	180	1.28571
8	182	1.28571
8	184	1.28571
8	186	1.28571
8	188	1.28571
8	190	1.28571
8	192	1.28571
8	194	1.28571
8	196	1.28571
10	2	9
10	4	9
10	6	9
10	8	9
10	10	9
10	12	9
10	14	9
10	16	9
10	18	9
10	20	9
10	22	9
10	24	9
10	26	9
10	28	9
10	30	9
10	32	9
10	34	9
10	36	9
10	38	9
10	40	9
10	42	9
10	44	9
10	46	9
10	48	9
10	50	9
10	52	9
10	54	9
10	56	9
10	58	9
10	60	9
10	62	9
10	64	9
10	66	9
10	68	9
10	70	9
10	72	9
10	74	9
10	76	9
10	78	9
10	80	9
10	82	9
10	84	9
10	86	8.99999
10	88	8.99982
10	90	8.99729
10	92	8.96681
10	94	8.68253
10	96	7.05865
10	98	3.69739
10	100	1.69604
10	102	1.29591
10	104	1.28592
10	106	1.28572
10	108	1.28571
10	110	1.28571
10	112	1.28571
10	114	1.28571
10	116	1.28571
10	118	1.28571
10	120	1.28571
10	122	1.28571
10	124	1.28571
10	126	1.28571
10	128	1.28571
10	130	1.28571
10	132	1.28571
10	134	1.28571
10	136	1.28571
10	138	1.28571
10	140	1.28571
10	142	1.28571
10	144	1.28571
10	146	1.28571
10	148	1.28571
10	150	1.28571
10	152	1.28571
10	154	1.28571
10	156	1.28571
10	158	1.28571
10	160	1.28571
10	162	1.28571
10	164	1.28571
10	166	1.28571
10	168	1.28571
10	170	1.28571
10	172	1.28571
10	174	1.28571
10	176	1.28571
10	178	1.28571
10	180	1.28571
10	182	1.28571
10	184	1.28571
10	186	1.28571
10	188	1.28571
10	190	1.28571
10	192	1.28571
10	194	1.28571
10	196	1.28571
12	2	9
12	4	9
12	6	9
12	8	9
12	10	9
12	12	9
12	14	9
12	16	9
12	18	9
12	20	9
12	22	9
12	24	9
12	26	9
12	28	9
12	30	9
12	32	9
12	34	9
12	36	9
12	38	9
12	40	9
12	42	9
12	44	9
12	46	9
12	48	9
12	50	9
12	52	9
12	54	9
12	56	9
12	58	9
12	60	9
12	62	9
12	64	9
12	66	9
12	68	9
12	70	9
12	72	9
12	74	9
12	76	9
12	78	9
12	80	9
12	82	9
12	84	9
12	86	8.99999
12	88	8.99982
12	90	8.99729
12	92	8.96681
12	94	8.68253
12	96	7.05865
12	98	3.69739
12	100	1.69604
12	102	1.29591
12	104	1.28592
12	106	1.28572
12	108	1.28571
12	110	1.28571
12	112	1.28571
12	114	1.28571
12	116	1.28571
12	118	1.28571
12	120	1.28571
12	122	1.28571
12	124	1.28571
12	126	1.28571
12	128	1.28571
12	130	1.28571
12	132	1.28571
12	134	1.28571
12	136	1.28571
12	138	1.28571
12	140	1.28571
12	142	1.28571
12	144	1.28571
12	146	1.28571
12	148	1.28571
12	150	1.28571
12	152	1.28571
12	154	1.28571
12	156	1.28571
12	158	1.28571
12	160	1.28571
12	162	1.28571
12	164	1.28571
12	166	1.28571
12	168	1.28571
12	170	1.28571
12	172	1.28571
12	174	1.28571
12	176	1.28571
12	178	1.28571
12	180	1.28571
12	182	1.28571
12	184	1.28571
12	186	1.28571
12	188	1.28571
12	190	1.28571
12	192	1.28571
12	194	1.28571
12	196	1.28571
14	2	9
14	4	9
14	6	9
14	8	9
14	10	9
14	12	9
14	14	9
14	16	9
14	18	9
14	20	9
14	22	9
14	24	9
14	26	9
14	28	9
14	30	9
14	32	9
14	34	9
14	36	9
14	38	9
14	40	9
14	42	9
14	44	9
14	46	9
14	48	9
14	50	9
14	52	9
14	54	9
14	56	9
14	58	9
14	60	9
14	62	9
14	64	9
14	66	9
14	68	9
14	70	9
14	72	9
14	74	9
14	76	9
14	78	9
14	80	9
14	82	9
14	84	9
14	86	8.99999
14	88	8.99982
14	90	8.99729
14	92	8.96681
14	94	8.68253
14	96	7.05865
14	98	3.69739
14	100	1.69604
14	102	1.29591
14	104	1.28592
14	106	1.28572
14	108	1.28571
14	110	1.28571
14	112	1.28571
14	114	1.28571
14	116	1.28571
14	118	1.28571
14	120	1.28571
14	122	1.28571
14	124	1.28571
14	126	1.28571
14	128	1.28571
14	130	1.28571
14	132	1.28571
14	134	1.28571
14	136	1.28571
14	138	1.28571
14	140	1.28571
14	142	1.28571
14	144	1.28571
14	146	1.28571
14	148	1.28571
14	150	1.28571
14	152	1.28571
14	154	1.28571
14	156	1.28571
14	158	1.28571
14	160	1.28571
14	162	1.28571
14	164	1.28571
14	166	1.28571
14	168	1.28571
14	170	1.28571
14	172	1.28571
14	174	1.28571
14	176	1.28571
14	178	1.28571
14	180	1.28571
14	182	1.28571
14	184	1.28571
14	186	1.28571
14	188	1.28571
14	190	1.28571
14	192	1.28571
14	194	1.28571
14	196	1.28571
16	2	9
16	4	9
16	6	9
16	8	9
16	10	9
16	12	9
16	14	9
16	16	9
16	18	9
16	20	9
16	22	9
16	24	9
16	26	9
16	28	9
16	30	9
16	32	9
16	34	9
16	36	9
16	38	9
16	40	9
16	42	9
16	44	9
16	46	9
16	48	9
16	50	9
16	52	9
16	54	9
16	56	9
16	58	9
16	60	9
16	62	9
16	64	9
16	66	9
16	68	9
16	70	9
16	72	9
16	74	9
16	76	9
16	78	9
16	80	9
16	82	9
16	84	9
16	86	8.99999
16	88	8.99982
16	90	8.99729
16	92	8.96681
16	94	8.68253
16	96	7.05865
16	98	3.69739
16	100	1.69604
16	102	1.29591
16	104	1.28592
16	106	1.28572
16	108	1.28571
16	110	1.28571
16	112	1.28571
16	114	1.28571
16	116	1.28571
16	118	1.28571
16	120	1.28571
16	122	1.28571
16	124	1.28571
16	126	1.28571
16	128	1.28571
16	130	1.28571
16	132	1.28571
16	134	1.28571
16	136	1.28571
16	138	1.28571
16	140	1.28571
16	142	1.28571
16	144	1.28571
16	146	1.28571
16	148	1.28571
16	150	1.28571
16	152	1.28571
16	154	1.28571
16	156	1.28571
16	158	1.28571
16	160	1.28571
16	162	1.28571
16	164	1.28571
16	166	1.28571
16	168	1.28571
16	170	1.28571
16	172	1.28571
16	174	1.28571
16	176	1.28571
16	178	1.28571
16	180	1.28571
16	182	1.28571
16	184	1.28571
16	186	1.28571
16	188	1.28571
16	190	1.28571
16	192	1.28571
16	194	1.28571
16	196	1.28571
18	2	9
18	4	9
18	6	9
18	8	9
18	10	9
18	12	9
18	14	9
18	16	9
18	18	9
18	20	9
18	22	9
18	24	9
18	26	9
18	28	9
18	30	9
18	32	9
18	34	9
18	36	9
18	38	9
18	40	9
18	42	9
18	44	9
18	46	9
18	48	9
18	50	9
18	52	9
18	54	9
18	56	9
18	58	9
18	60	9
18	62	9
18	64	9
18	66	9
18	68	9
18	70	9
18	72	9
18	74	9
18	76	9
18	78	9
18	80	9
18	82	9
18	84	9
18	86	8.99999
18	88	8.99982
18	90	8.99729
18	92	8.96681
18	94	8.68253
18	96	7.05865
18	98	3.69739
18	100	1.69604
18	102	1.29591
18	104	1.28592
18	106	1.28572
18	108	1.28571
18	110	1.28571
18	112	1.28571
18	114	1.28571
18	116	1.28571
18	118	1.28571
18	120	1.28571
18	122	1.28571
18	124	1.28571
18	126	1.28571
18	128	1.28571
18	130	1.28571
18	132	1.28571
18	134	1.28571
18	136	1.28571
18	138	1.28571
18	140	1.28571
18	142	1.28571
18	144	1.28571
18	146	1.28571
18	148	1.28571
18	150	1.28571
18	152	1.28571
18	154	1.28571
18	156	1.28571
18	158	1.28571
18	160	1.28571
18	162	1.28571
18	164	1.28571
18	166	1.28571
18	168	1.28571
18	170	1.28571
18	172	1.28571
18	174	1.28571
18	176	1.28571
18	178	1.28571
18	180	1.28571
18	182	1.28571
18	184	1.28571
18	186	1.28571
18	188	1.28571
18	190	1.28571
18	192	1.28571
18	194	1.28571
18	196	1.28571
20	2	9
20	4	9
20	6	9
20	8	9
20	10	9
20	12	9
20	14	9
20	16	9
20	18	9
20	20	9
20	22	9
20	24	9
20	26	9
20	28	9
20	30	9
20	32	9
20	34	9
20	36	9
20	38	9
20	40	9
20	42	9
20	44	9
20	46	9
20	48	9
20	50	9
20	52	9
20	54	9
20	56	9
20	58	9
20	60	9
20	62	9
20	64	9
20	66	9
20	68	9
20	70	9
20	72	9
20	74	9
20	76	9
20	78	9
20	80	9
20	82	9
20	84	9
20	86	8.99999
20	88	8.99982
20	90	8.99729
20	92	8.96681
20	94	8.68253
20	96	7.05865
20	98	3.69739
20	100	1.69604
20	102	1.29591
20	104	1.28592
20	106	1.28572
20	108	1.28571
20	110	1.28571
20	112	1.28571
20	114	1.28571
20	116	1.28571
20	118	1.28571
20	120	1.28571
20	122	1.28571
20	124	1.28571
20	126	1.28571
20	128	1.28571
20	130	1.28571
20	132	1.28571
20	134	1.28571
20	136	1.28571
20	138	1.28571
20	140	1.28571
20	142	1.28571
20	144	1.28571
20	146	1.28571
20	148	1.28571
20	150	1.28571
20	152	1.28571
20	154	1.28571
20	156	1.28571
20	158	1.28571
20	160	1.28571
20	162	1.28571
20	164	1.28571
20	166	1.28571
20	168	1.28571
20	170	1.28571
20	172	1.28571
20	174	1.28571
20	176	1.28571
20	178	1.28571
20	180	1.28571
20	182	1.28571
20	184	1.28571
20	186	1.28571
20	188	1.28571
20	190	1.28571
20	192	1.28571
20	194	1.28571
20	196	1.28571
22	2	9
22	4	9
22	6	9
22	8	9
22	10	9
22	12	9
22	14	9
22	16	9
22	18	9
22	20	9
22	22	9
22	24	9
22	26	9
22	28	9
22	30	9
22	32	9
22	34	9
22	36	9
22	38	9
22	40	9
22	42	9
22	44	9
22	46	9
22	48	9
22	50	9
22	52	9
22	54	9
22	56	9
22	58	9
22	60	9
22	62	9
22	64	9
22	66	9
22	68	9
22	70	9
22	72	9
22	74	9
22	76	9
22	78	9
22	80	9
22	82	9
22	84	9
22	86	8.99999
22	88	8.99982
22	90	8.99729
22	92	8.96681
22	94	8.68253
22	96	7.05865
22	98	3.69739
22	100	1.69604
22	102	1.29591
22	104	1.28592
22	106	1.28572
22	108	1.28571
22	110	1.28571
22	112	1.28571
22	114	1.28571
22	116	1.28571
22	118	1.28571
22	120	1.28571
22	122	1.28571
22	124	1.28571
22	126	1.28571
22	128	1.28571
22	130	1.28571
22	132	1.28571
22	134	1.28571
22	136	1.28571
22	138	1.28571
22	140	1.28571
22	142	1.28571
22	144	1.28571
22	146	1.28571
22	148	1.28571
22	150	1.28571
22	152	1.28571
22	154	1.28571
22	156	1.28571
22	158	1.28571
22	160	1.28571
22	162	1.28571
22	164	1.28571
22	166	1.28571
22	168	1.28571
22	170	1.28571
22	172	1.28571
22	174	1.28571
22	176	1.28571
22	178	1.28571
22	180	1.28571
22	182	1.28571
22	184	1.28571
22	186	1.28571
22	188	1.28571
22	190	1.28571
22	192	1.28571
22	194	1.28571
22	196	1.28571
24	2	9
24	4	9
24	6	9
24	8	9
24	10	9
24	12	9
24	14	9
24	16	9
24	18	9
24	20	9
24	22	9
24	24	9
24	26	9
24	28	9
24	30	9
24	32	9
24	34	9
24	36	9
24	38	9
24	40	9
24	42	9
24	44	9
24	46	9
24	48	9
24	50	9
24	52	9
24	54	9
24	56	9
24	58	9
24	60	9
24	62	9
24	64	9
24	66	9
24	68	9
24	70	9
24	72	9
24	74	9
24	76	9
24	78	9
24	80	9
24	82	9
24	84	9
24	86	8.99999
24	88	8.99982
24	90	8.99729
24	92	8.96681
24	94	8.68253
24	96	7.05865
24	98	3.69739
24	100	1.69604
24	102	1.29591
24	104	1.28592
24	106	1.28572
24	108	1.28571
24	110	1.28571
24	112	1.28571
24	114	1.28571
24	116	1.28571
24	118	1.28571
24	120	1.28571
24	122	1.28571
24	124	1.28571
24	126	1.28571
24	128	1.28571
24	130	1.28571
24	132	1.28571
24	134	1.28571
24	136	1.28571
24	138	1.28571
24	140	1.28571
24	142	1.28571
24	144	1.28571
24	146	1.28571
24	148	1.28571
24	150	1.28571
24	152	1.28571
24	154	1.28571
24	156	1.28571
24	158	1.28571
24	160	1.28571
24	162	1.28571
24	164	1.28571
24	166	1.28571
24	168	1.28571
24	170	1.28571
24	172	1.28571
24	174	1.28571
24	176	1.28571
24	178	1.28571
24	180	1.28571
24	182	1.28571
24	184	1.28571
24	186	1.28571
24	188	1.28571
24	190	1.28571
24	192	1.28571
24	194	1.28571
24	196	1.28571
26	2	9
26	4	9
26	6	9
26	8	9
26	10	9
26	12	9
26	14	9
26	16	9
26	18	9
26	20	9
26	22	9
26	24	9
26	26	9
26	28	9
26	30	9
26	32	9
26	34	9
26	36	9
26	38	9
26	40	9
26	42	9
26	44	9
26	46	9
26	48	9
26	50	9
26	52	9
26	54	9
26	56	9
26	58	9
26	60	9
26	62	9
26	64	9
26	66	9
26	68	9
26	70	9
26	72	9
26	74	9
26	76	9
26	78	9
26	80	9
26	82	9
26	84	9
26	86	8.99999
26	88	8.99982
26	90	8.99729
26	92	8.96681
26	94	8.68253
26	96	7.05865
26	98	3.69739
26	100	1.69604
26	102	1.29591
26	104	1.28592
26	106	1.28572
26	108	1.28571
26	110	1.28571
26	112	1.28571
26	114	1.28571
26	116	1.28571
26	118	1.28571
26	120	1.28571
26	122	1.28571
26	124	1.28571
26	126	1.28571
26	128	1.28571
26	130	1.28571
26	132	1.28571
26	134	1.28571
26	136	1.28571
26	138	1.28571
26	140	1.28571
26	142	1.28571
26	144	1.28571
26	146	1.28571
26	148	1.28571
26	150	1.28571
26	152	1.28571
26	154	1.28571
26	156	1.28571
26	158	1.28571
26	160	1.28571
26	162	1.28571
26	164	1.28571
26	166	1.28571
26	168	1.28571
26	170	1.28571
26	172	1.28571
26	174	1.28571
26	176	1.28571
26	178	1.28571
26	180	1.28571
26	182	1.28571
26	184	1.28571
26	186	1.28571
26	188	1.28571
26	190	1.28571
26	192	1.28571
26	194	1.28571
26	196	1.28571
28	2	9
28	4	9
28	6	9
28	8	9
28	10	9
28	12	9
28	14	9
28	16	9
28	18	9
28	20	9
28	22	9
28	24	9
28	26	9
28	28	9
28	30	9
28	32	9
28	34	9
28	36	9
28	38	9
28	40	9
28	42	9
28	44	9
28	46	9
28	48	9
28	50	9
28	52	9
28	54	9
28	56	9
28	58	9
28	60	9
28	62	9
28	64	9
28	66	9
28	68	9
28	70	9
28	72	9
28	74	9
28	76	9
28	78	9
28	80	9
28	82	9
28	84	9
28	86	8.99999
28	88	8.99982
28	90	8.99729
28	92	8.96681
28	94	8.68253
28	96	7.05865
28	98	3.69739
28	100	1.69604
28	102	1.29591
28	104	1.28592
28	106	1.28572
28	108	1.28571
28	110	1.28571
28	112	1.28571
28	114	1.28571
28	116	1.28571
28	118	1.28571
28	120	1.28571
28	122	1.28571
28	124	1.28571
28	126	1.28571
28	128	1.28571
28	130	1.28571
28	132	1.28571
28	134	1.28571
28	136	1.28571
28	138	1.28571
28	140	1.28571
28	142	1.28571
28	144	1.28571
28	146	1.28571
28	148	1.28571
28	150	1.28571
28	152	1.28571
28	154	1.28571
28	156	1.28571
28	158	1.28571
28	160	1.28571
28	162	1.28571
28	164	1.28571
28	166	1.28571
28	168	1.28571
28	170	1.28571
28	172	1.28571
28	174	1.28571
28	176	1.28571
28	178	1.28571
28	180	1.28571
28	182	1.28571
28	184	1.28571
28	186	1.28571
28	188	1.28571
28	190	1.28571
28	192	1.28571
28	194	1.28571
28	196	1.28571
30	2	9
30	4	9
30	6	9
30	8	9
30	10	9
30	12	9
30	14	9
30	16	9
30	18	9
30	20	9
30	22	9
30	24	9
30	26	9
30	28	9
30	30	9
30	32	9
30	34	9
30	36	9
30	38	9
30	40	9
30	42	9
30	44	9
30	46	9
30	48	9
30	50	9
30	52	9
30	54	9
30	56	9
30	58	9
30	60	9
30	62	9
30	64	9
30	66	9
30	68	9
30	70	9
30	72	9
30	74	9
30	76	9
30	78	9
30	80	9
30	82	9
30	84	9
30	86	8.99999
30	88	8.99982
30	90	8.99729
30	92	8.96681
30	94	8.68253
30	96	7.05865
30	98	3.69739
30	100	1.69604
30	102	1.29591
30	104	1.28592
30	106	1.28572
30	108	1.28571
30	110	1.28571
30	112	1.28571
30	114	1.28571
30	116	1.28571
30	118	1.28571
30	120	1.28571
30	122	1.28571
30	124	1.28571
30	126	1.28571
30	128	1.28571
30	130	1.28571
30	132	1.28571
30	134	1.28571
30	136	1.28571
30	138	1.28571
30	140	1.28571
30	142	1.28571
30	144	1.28571
30	146	1.28571
30	148	1.28571
30	150	1.28571
30	152	1.28571
30	154	1.28571
30	156	1.28571
30	158	1.28571
30	160	1.28571
30	162	1.28571
30	164	1.28571
30	166	1.28571
30	168	1.28571
30	170	1.28571
30	172	1.28571
30	174	1.28571
30	176	1.28571
30	178	1.28571
30	180	1.28571
30	182	1.28571
30	184	1.28571
30	186	1.28571
30	188	1.28571
30	190	1.28571
30	192	1.28571
30	194	1.28571
30	196	1.28571
32	2	9
32	4	9
32	6	9
32	8	9
32	10	9
32	12	9
32	14	9
32	16	9
32	18	9
32	20	9
32	22	9
32	24	9
32	26	9
32	28	9
32	30	9
32	32	9
32	34	9
32	36	9
32	38	9
32	40	9
32	42	9
32	44	9
32	46	9
32	48	9
32	50	9
32	52	9
32	54	9
32	56	9
32	58	9
32	60	9
32	62	9
32	64	9
32	66	9
32	68	9
32	70	9
32	72	9
32	74	9
32	76	9
32	78	9
32	80	9
32	82	9
32	84	9
32	86	8.99999
32	88	8.99982
32	90	8.99729
32	92	8.96681
32	94	8.68253
32	96	7.05865
32	98	3.69739
32	100	1.69604
32	102	1.29591
32	104	1.28592
32	106	1.28572
32	108	1.28571
32	110	1.28571
32	112	1.28571
32	114	1.28571
32	116	1.28571
32	118	1.28571
32	120	1.28571
32	122	1.28571
32	124	1.28571
32	126	1.28571
32	128	1.28571
32	130	1.28571
32	132	1.28571
32	134	1.28571
32	136	1.28571
32	138	1.28571
32	140	1.28571
32	142	1.28571
32	144	1.28571
32	146	1.28571
32	148	1.28571
32	150	1.28571
32	152	1.28571
32	154	1.28571
32	156	1.28571
32	158	1.28571
32	160	1.28571
32	162	1.28571
32	164	1.28571
32	166	1.28571
32	168	1.28571
32	170	1.28571
32	172	1.28571
32	174	1.28571
32	176	1.28571
32	178	1.28571
32	180	1.28571
32	182	1.28571
32	184	1.28571
32	186	1.28571
32	188	1.28571
32	190	1.28571
32	192	1.28571
32	194	1.28571
32	196	1.28571
34	2	9
34	4	9
34	6	9
34	8	9
34	10	9
34	12	9
34	14	9
34	16	9
34	18	9
34	20	9
34	22	9
34	24	9
34	26	9
34	28	9
34	30	9
34	32	9
34	34	9
34	36	9
34	38	9
34	40	9
34	42	9
34	44	9
34	46	9
34	48	9
34	50	9
34	52	9
34	54	9
34	56	9
34	58	9
34	60	9
34	62	9
34	64	9
34	66	9
34	68	9
34	70	9
34	72	9
34	74	9
34	76	9
34	78	9
34	80	9
34	82	9
34	84	9
34	86	8.99999
34	88	8.99981
34	90	8.99728
34	92	8.96681
34	94	8.68253
34	96	7.05865
34	98	3.69739
34	100	1.69604
34	102	1.29591
34	104	1.28592
34	106	1.28572
34	108	1.28571
34	110	1.28571
34	112	1.28571
34	114	1.28571
34	116	1.28571
34	118	1.28571
34	120	1.28571
34	122	1.28571
34	124	1.28571
34	126	1.28571
34	128	1.28571
34	130	1.28571
34	132	1.28571
34	134	1.28571
34	136	1.28571
34	138	1.28571
34	140	1.28571
34	142	1.28571
34	144	1.28571
34	146	1.28571
34	148	1.28571
34	150	1.28571
34	152	1.28571
34	154	1.28571
34	156	1.28571
34	158	1.28571
34	160	1.28571
34	162	1.28571
34	164	1.28571
34	166	1.28571
34	168	1.28571
34	170	1.28571
34	172	1.28571
34	174	1.28571
34	176	1.28571
34	178	1.28571
34	180	1.28571
34	182	1.28571
34	184	1.28571
34	186	1.28571
34	188	1.28571
34	190	1.28571
34	192	1.28571
34	194	1.28571
34	196	1.28571
36	2	8.99999
36	4	8.99999
36	6	8.99999
36	8	8.99999
36	10	8.99999
36	12	8.99999
36	14	8.99999
36	16	8.99999
36	18	8.99999
36	20	8.99999
36	22	8.99999
36	24	8.99999
36	26	8.99999
36	28	8.99999
36	30	8.99999
36	32	8.99999
36	34	8.99999
36	36	8.99999
36	38	8.99999
36	40	8.99999
36	42	8.99999
36	44	8.99999
36	46	8.99999
36	48	8.99999
36	50	8.99999
36	52	8.99999
36	54	8.99999
36	56	8.99999
36	58	8.99999
36	60	8.99999
36	62	8.99999
36	64	8.99999
36	66	8.99999
36	68	8.99999
36	70	8.99999
36	72	8.99999
36	74	8.99999
36	76	8.99999
36	78	8.99999
36	80	8.99999
36	82	8.99999
36	84	8.99999
36	86	8.99998
36	88	8.9998
36	90	8.99727
36	92	8.9668
36	94	8.68252
36	96	7.05864
36	98	3.69739
36	100	1.69604
36	102	1.29591
36	104	1.28592
36	106	1.28572
36	108	1.28571
36	110	1.28571
36	112	1.28571
36	114	1.28571
36	116	1.28571
36	118	1.28571
36	120	1.28571
36	122	1.28571
36	124	1.28571
36	126	1.28571
36	128	1.28571
36	130	1.28571
36	132	1.28571
36	134	1.28571
36	136	1.28571
36	138	1.28571
36	140	1.28571
36	142	1.28571
36	144	1.28571
36	146	1.28571
36	148	1.28571
36	150	1.28571
36	152	1.28571
36	154	1.28571
36	156	1.28571
36	158	1.28571
36	160	1.28571
36	162	1.28571
36	164	1.28571
36	166	1.28571
36	168	1.28571
36	170	1.28571
36	172	1.28571
36	174	1.28571
36	176	1.28571
36	178	1.28571
36	180	1.28571
36	182	1.28571
36	184	1.28571
36	186	1.28571
36	188	1.28571
36	190	1.28571
36	192	1.28571
36	194	1.28571
36	196	1.28571
38	2	8.99981
38	4	8.99982
38	6	8.99982
38	8	8.99982
38	10	8.99982
38	12	8.99982
38	14	8.99982
38	16	8.99982
38	18	8.99982
38	20	8.99982
38	22	8.99982
38	24	8.99982
38	26	8.99982
38	28	8.99982
38	30	8.99982
38	32	8.99982
38	34	8.99982
38	36	8.99982
38	38	8.99982
38	40	8.99982
38	42	8.99982
38	44	8.99982
38	46	8.99982
38	48	8.99982
38	50	8.99982
38	52	8.99982
38	54	8.99982
38	56	8.99982
38	58	8.99982
38	60	8.99982
38	62	8.99982
38	64	8.99982
38	66	8.99982
38	68	8.99982
38	70	8.99982
38	72	8.99982
38	74	8.99982
38	76	8.99982
38	78	8.99982
38	80	8.99982
38	82	8.99982
38	84	8.99981
38	86	8.9998
38	88	8.99963
38	90	8.9971
38	92	8.96663
38	94	8.68236
38	96	7.05854
38	98	3.69737
38	100	1.69604
38	102	1.29591
38	104	1.28592
38	106	1.28572
38	108	1.28571
38	110	1.28571
38	112	1.28571
38	114	1.28571
38	116	1.28571
38	118	1.28571
38	120	1.28571
38	122	1.28571
38	124	1.28571
38	126	1.28571
38	128	1.28571
38	130	1.28571
38	132	1.28571
38	134	1.28571
38	136	1.28571
38	138	1.28571
38	140	1.28571
38	142	1.28571
38	144	1.28571
38	146	1.28571
38	148	1.28571
38	150	1.28571
38	152	1.28571
38	154	1.28571
38	156	1.28571
38	158	1.28571
38	160	1.28571
38	162	1.28571
38	164	1.28571
38	166	1.28571
38	168	1.28571
38	170	1.28571
38	172	1.28571
38	174	1.28571
38	176	1.28571
38	178	1.28571
38	180	1.28571
38	182	1.28571
38	184	1.28571
38	186	1.28571
38	188	1.28571
38	190	1.28571
38	192	1.28571
38	194	1.28571
38	196	1.28571
40	2	8.99728
40	4	8.99729
40	6	8.99729
40	8	8.99729
40	10	8.99729
40	12	8.99729
40	14	8.99729
40	16	8.99729
40	18	8.99729
40	20	8.99729
40	22	8.99729
40	24	8.99729
40	26	8.99729
40	28	8.99729
40	30	8.99729
40	32	8.99729
40	34	8.99729
40	36	8.99729
40	38	8.99729
40	40	8.99729
40	42	8.99729
40	44	8.99729
40	46	8.99729
40	48	8.99729
40	50	8.99729
40	52	8.99729
40	54	8.99729
40	56	8.99729
40	58	8.99729
40	60	8.99729
40	62	8.99729
40	64	8.99729
40	66	8.99729
40	68	8.99729
40	70	8.99729
40	72	8.99729
40	74	8.99729
40	76	8.99729
40	78	8.99729
40	80	8.99729
40	82	8.99729
40	84	8.99728
40	86	8.99727
40	88	8.9971
40	90	8.99457
40	92	8.96412
40	94	8.68002
40	96	7.05706
40	98	3.69706
40	100	1.69604
40	102	1.29591
40	104	1.28592
40	106	1.28572
40	108	1.28571
40	110	1.28571
40	112	1.28571
40	114	1.28571
40	116	1.28571
40	118	1.28571
40	120	1.28571
40	122	1.28571
40	124	1.28571
40	126	1.28571
40	128	1.28571
40	130	1.28571
40	132	1.28571
40	134	1.28571
40	136	1.28571
40	138	1.28571
40	140	1.28571
40	142	1.28571
40	144	1.28571
40	146	1.28571
40	148	1.28571
40	150	1.28571
40	152	1.28571
40	154	1.28571
40	156	1.28571
40	158	1.28571
40	160	1.28571
40	162	1.28571
40	164	1.28571
40	166	1.28571
40	168	1.28571
40	170	1.28571
40	172	1.28571
40	174	1.28571
40	176	1.28571
40	178	1.28571
40	180	1.28571
40	182	1.28571
40	184	1.28571
40	186	1.28571
40	188	1.28571
40	190	1.28571
40	192	1.28571
40	194	1.28571
40	196	1.28571
42	2	8.96679
42	4	8.96681
42	6	8.96681
42	8	8.96681
42	10	8.96681
42	12	8.96681
42	14	8.96681
42	16	8.96681
42	18	8.96681
42	20	8.96681
42	22	8.96681
42	24	8.96681
42	26	8.96681
42	28	8.96681
42	30	8.96681
42	32	8.96681
42	34	8.96681
42	36	8.96681
42	38	8.96681
42	40	8.96681
42	42	8.96681
42	44	8.96681
42	46	8.96681
42	48	8.96681
42	50	8.96681
42	52	8.96681
42	54	8.96681
42	56	8.96681
42	58	8.96681
42	60	8.96681
42	62	8.96681
42	64	8.96681
42	66	8.96681
42	68	8.96681
42	70	8.96681
42	72	8.96681
42	74	8.96681
42	76	8.96681
42	78	8.96681
42	80	8.96681
42	82	8.96681
42	84	8.96681
42	86	8.9668
42	88	8.96663
42	90	8.96412
42	92	8.93389
42	94	8.65183
42	96	7.03922
42	98	3.6933
42	100	1.69595
42	102	1.29591
42	104	1.28592
42	106	1.28572
42	108	1.28571
42	110	1.28571
42	112	1.28571
42	114	1.28571
42	116	1.28571
42	118	1.28571
42	120	1.28571
42	122	1.28571
42	124	1.28571
42	126	1.28571
42	128	1.28571
42	130	1.28571
42	132	1.28571
42	134	1.28571
42	136	1.28571
42	138	1.28571
42	140	1.28571
42	142	1.28571
42	144	1.28571
42	146	1.28571
42	148	1.28571
42	150	1.28571
42	152	1.28571
42	154	1.28571
42	156	1.28571
42	158	1.28571
42	160	1.28571
42	162	1.28571
42	164	1.28571
42	166	1.28571
42	168	1.28571
42	170	1.28571
42	172	1.28571
42	174	1.28571
42	176	1.28571
42	178	1.28571
42	180	1.28571
42	182	1.28571
42	184	1.28571
42	186	1.28571
42	188	1.28571
42	190	1.28571
42	192	1.28571
42	194	1.28571
42	196	1.28571
44	2	8.68227
44	4	8.68248
44	6	8.68252
44	8	8.68253
44	10	8.68253
44	12	8.68253
44	14	8.68253
44	16	8.68253
44	18	8.68253
44	20	8.68253
44	22	8.68253
44	24	8.68253
44	26	8.68253
44	28	8.68253
44	30	8.68253
44	32	8.68253
44	34	8.68253
44	36	8.68253
44	38	8.68253
44	40	8.68253
44	42	8.68253
44	44	8.68253
44	46	8.68253
44	48	8.68253
44	50	8.68253
44	52	8.68253
44	54	8.68253
44	56	8.68253
44	58	8.68253
44	60	8.68253
44	62	8.68253
44	64	8.68253
44	66	8.68253
44	68	8.68253
44	70	8.68253
44	72	8.68253
44	74	8.68253
44	76	8.68253
44	78	8.68253
44	80	8.68253
44	82	8.68253
44	84	8.68253
44	86	8.68252
44	88	8.68236
44	90	8.68002
44	92	8.65183
44	94	8.38854
44	96	6.87134
44	98	3.65718
44	100	1.69491
44	102	1.2959
44	104	1.28592
44	106	1.28572
44	108	1.28571
44	110	1.28571
44	112	1.28571
44	114	1.28571
44	116	1.28571
44	118	1.28571
44	120	1.28571
44	122	1.28571
44	124	1.28571
44	126	1.28571
44	128	1.28571
44	130	1.28571
44	132	1.28571
44	134	1.28571
44	136	1.28571
44	138	1.28571
44	140	1.28571
44	142	1.28571
44	144	1.28571
44	146	1.28571
44	148	1.28571
44	150	1.28571
44	152	1.28571
44	154	1.28571
44	156	1.28571
44	158	1.28571
44	160	1.28571
44	162	1.28571
44	164	1.28571
44	166	1.28571
44	168	1.28571
44	170	1.28571
44	172	1.28571
44	174	1.28571
44	176	1.28571
44	178	1.28571
44	180	1.28571
44	182	1.28571
44	184	1.28571
44	186	1.28571
44	188	1.28571
44	190	1.28571
44	192	1.28571
44	194	1.28571
44	196	1.28571
46	2	7.05642
46	4	7.05831
46	6	7.05861
46	8	7.05864
46	10	7.05865
46	12	7.05865
46	14	7.05865
46	16	7.05865
46	18	7.05865
46	20	7.05865
46	22	7.05865
46	24	7.05865
46	26	7.05865
46	28	7.05865
46	30	7.05865
46	32	7.05865
46	34	7.05865
46	36	7.05865
46	38	7.05865
46	40	7.05865
46	42	7.05865
46	44	7.05865
46	46	7.05865
46	48	7.05865
46	50	7.05865
46	52	7.05865
46	54	7.05865
46	56	7.05865
46	58	7.05865
46	60	7.05865
46	62	7.05865
46	64	7.05865
46	66	7.05865
46	68	7.05865
46	70	7.05865
46	72	7.05865
46	74	7.05865
46	76	7.05865
46	78	7.05865
46	80	7.05865
46	82	7.05865
46	84	7.05865
46	86	7.05864
46	88	7.05854
46	90	7.05706
46	92	7.03922
46	94	6.87134
46	96	5.8579
46	98	3.41374
46	100	1.68463
46	102	1.29578
46	104	1.28592
46	106	1.28572
46	108	1.28571
46	110	1.28571
46	112	1.28571
46	114	1.28571
46	116	1.28571
46	118	1.28571
46	120	1.28571
46	122	1.28571
46	124	1.28571
46	126	1.28571
46	128	1.28571
46	130	1.28571
46	132	1.28571
46	134	1.28571
46	136	1.28571
46	138	1.28571
46	140	1.28571
46	142	1.28571
46	144	1.28571
46	146	1.28571
46	148	1.28571
46	150	1.28571
46	152	1.28571
46	154	1.28571
46	156	1.28571
46	158	1.28571
46	160	1.28571
46	162	1.28571
46	164	1.28571
46	166	1.28571
46	168	1.28571
46	170	1.28571
46	172	1.28571
46	174	1.28571
46	176	1.28571
46	178	1.28571
46	180	1.28571
46	182	1.28571
46	184	1.28571
46	186	1.28571
46	188	1.28571
46	190	1.28571
46	192	1.28571
46	194	1.28571
46	196	1.28571
48	2	3.69084
48	4	3.69673
48	6	3.69734
48	8	3.69739
48	10	3.69739
48	12	3.69739
48	14	3.69739
48	16	3.69739
48	18	3.69739
48	20	3.69739
48	22	3.69739
48	24	3.69739
48	26	3.69739
48	28	3.69739
48	30	3.69739
48	32	3.69739
48	34	3.69739
48	36	3.69739
48	38	3.69739
48	40	3.69739
48	42	3.69739
48	44	3.69739
48	46	3.69739
48	48	3.69739
48	50	3.69739
48	52	3.69739
48	54	3.69739
48	56	3.69739
48	58	3.69739
48	60	3.69739
48	62	3.69739
48	64	3.69739
48	66	3.69739
48	68	3.69739
48	70	3.69739
48	72	3.69739
48	74	3.69739
48	76	3.69739
48	78	3.69739
48	80	3.69739
48	82	3.69739
48	84	3.69739
48	86	3.69739
48	88	3.69737
48	90	3.69706
48	92	3.6933
48	94	3.65718
48	96	3.41374
48	98	2.57613
48	100	1.6106
48	102	1.29453
48	104	1.2859
48	106	1.28572
48	108	1.28571
48	110	1.28571
48	112	1.28571
48	114	1.28571
48	116	1.28571
48	118	1.28571
48	120	1.28571
48	122	1.28571
48	124	1.28571
48	126	1.28571
48	128	1.28571
48	130	1.28571
48	132	1.28571
48	134	1.28571
48	136	1.28571
48	138	1.28571
48	140	1.28571
48	142	1.28571
48	144	1.28571
48	146	1.28571
48	148	1.28571
48	150	1.28571
48	152	1.28571
48	154	1.28571
48	156	1.28571
48	158	1.28571
48	160	1.28571
48	162	1.28571
48	164	1.28571
48	166	1.28571
48	168	1.28571
48	170	1.28571
48	172	1.28571
48	174	1.28571
48	176	1.28571
48	178	1.28571
48	180	1.28571
48	182	1.28571
48	184	1.28571
48	186	1.28571
48	188	1.28571
48	190	1.28571
48	192	1.28571
48	194	1.28571
48	196	1.28571
50	2	1.68425
50	4	1.6958
50	6	1.69604
50	8	1.69604
50	10	1.69604
50	12	1.69604
50	14	1.69604
50	16	1.69604
50	18	1.69604
50	20	1.69604
50	22	1.69604
50	24	1.69604
50	26	1.69604
50	28	1.69604
50	30	1.69604
50	32	1.69604
50	34	1.69604
50	36	1.69604
50	38	1.69604
50	40	1.69604
50	42	1.69604
50	44	1.69604
50	46	1.69604
50	48	1.69604
50	50	1.69604
50	52	1.69604
50	54	1.69604
50	56	1.69604
50	58	1.69604
50	60	1.69604
50	62	1.69604
50	64	1.69604
50	66	1.69604
50	68	1.69604
50	70	1.69604
50	72	1.69604
50	74	1.69604
50	76	1.69604
50	78	1.69604
50	80	1.69604
50	82	1.69604
50	84	1.69604
50	86	1.69604
50	88	1.69604
50	90	1.69604
50	92	1.69595
50	94	1.69491
50	96	1.68463
50	98	1.6106
50	100	1.30305
50	102	1.28625
50	104	1.28573
50	106	1.28571
50	108	1.28571
50	110	1.28571
50	112	1.28571
50	114	1.28571
50	116	1.28571
50	118	1.28571
50	120	1.28571
50	122	1.28571
50	124	1.28571
50	126	1.28571
50	128	1.28571
50	130	1.28571
50	132	1.28571
50	134	1.28571
50	136	1.28571
50	138	1.28571
50	140	1.28571
50	142	1.28571
50	144	1.28571
50	146	1.28571
50	148	1.28571
50	150	1.28571
50	152	1.28571
50	154	1.28571
50	156	1.28571
50	158	1.28571
50	160	1.28571
50	162	1.28571
50	164	1.28571
50	166	1.28571
50	168	1.28571
50	170	1.28571
50	172	1.28571
50	174	1.28571
50	176	1.28571
50	178	1.28571
50	180	1.28571
50	182	1.28571
50	184	1.28571
50	186	1.28571
50	188	1.28571
50	190	1.28571
50	192	1.28571
50	194	1.28571
50	196	1.28571
52	2	1.2956
52	4	1.2959
52	6	1.29591
52	8	1.29591
52	10	1.29591
52	12	1.29591
52	14	1.29591
52	16	1.29591
52	18	1.29591
52	20	1.29591
52	22	1.29591
52	24	1.29591
52	26	1.29591
52	28	1.29591
52	30	1.29591
52	32	1.29591
52	34	1.29591
52	36	1.29591
52	38	1.29591
52	40	1.29591
52	42	1.29591
52	44	1.29591
52	46	1.29591
52	48	1.29591
52	50	1.29591
52	52	1.29591
52	54	1.29591
52	56	1.29591
52	58	1.29591
52	60	1.29591
52	62	1.29591
52	64	1.29591
52	66	1.29591
52	68	1.29591
52	70	1.29591
52	72	1.29591
52	74	1.29591
52	76	1.29591
52	78	1.29591
52	80	1.29591
52	82	1.29591
52	84	1.29591
52	86	1.29591
52	88	1.29591
52	90	1.29591
52	92	1.29591
52	94	1.2959
52	96	1.29578
52	98	1.29453
52	100	1.28625
52	102	1.28573
52	104	1.28571
52	106	1.28571
52	108	1.28571
52	110	1.28571
52	112	1.28571
52	114	1.28571
52	116	1.28571
52	118	1.28571
52	120	1.28571
52	122	1.28571
52	124	1.28571
52	126	1.28571
52	128	1.28571
52	130	1.28571
52	132	1.28571
52	134	1.28571
52	136	1.28571
52	138	1.28571
52	140	1.28571
52	142	1.28571
52	144	1.28571
52	146	1.28571
52	148	1.28571
52	150	1.28571
52	152	1.28571
52	154	1.28571
52	156	1.28571
52	158	1.28571
52	160	1.28571
52	162	1.28571
52	164	1.28571
52	166	1.28571
52	168	1.28571
52	170	1.28571
52	172	1.28571
52	174	1.28571
52	176	1.28571
52	178	1.28571
52	180	1.28571
52	182	1.28571
52	184	1.28571
52	186	1.28571
52	188	1.28571
52	190	1.28571
52	192	1.28571
52	194	1.28571
52	196	1.28571
54	2	1.28592
54	4	1.28592
54	6	1.28592
54	8	1.28592
54	10	1.28592
54	12	1.28592
54	14	1.28592
54	16	1.28592
54	18	1.28592
54	20	1.28592
54	22	1.28592
54	24	1.28592
54	26	1.28592
54	28	1.28592
54	30	1.28592
54	32	1.28592
54	34	1.28592
54	36	1.28592
54	38	1.28592
54	40	1.28592
54	42	1.28592
54	44	1.28592
54	46	1.28592
54	48	1.28592
54	50	1.28592
54	52	1.28592
54	54	1.28592
54	56	1.28592
54	58	1.28592
54	60	1.28592
54	62	1.28592
54	64	1.28592
54	66	1.28592
54	68	1.28592
54	70	1.28592
54	72	1.28592
54	74	1.28592
54	76	1.28592
54	78	1.28592
54	80	1.28592
54	82	1.28592
54	84	1.28592
54	86	1.28592
54	88	1.28592
54	90	1.28592
54	92	1.28592
54	94	1.28592
54	96	1.28592
54	98	1.2859
54	100	1.28573
54	102	1.28571
54	104	1.28571
54	106	1.28571
54	108	1.28571
54	110	1.28571
54	112	1.28571
54	114	1.28571
54	116	1.28571
54	118	1.28571
54	120	1.28571
54	122	1.28571
54	124	1.28571
54	126	1.28571
54	128	1.28571
54	130	1.28571
54	132	1.28571
54	134	1.28571
54	136	1.28571
54	138	1.28571
54	140	1.28571
54	142	1.28571
54	144	1.28571
54	146	1.28571
54	148	1.28571
54	150	1.28571
54	152	1.28571
54	154	1.28571
54	156	1.28571
54	158	1.28571
54	160	1.28571
54	162	1.28571
54	164	1.28571
54	166	1.28571
54	168	1.28571
54	170	1.28571
54	172	1.28571
54	174	1.28571
54	176	1.28571
54	178	1.28571
54	180	1.28571
54	182	1.28571
54	184	1.28571
54	186	1.28571
54	188	1.28571
54	190	1.28571
54	192	1.28571
54	194	1.28571
54	196	1.28571
56	2	1.28572
56	4	1.28572
56	6	1.28572
56	8	1.28572
56	10	1.28572
56	12	1.28572
56	14	1.28572
56	16	1.28572
56	18	1.28572
56	20	1.28572
56	22	1.28572
56	24	1.28572
56	26	1.28572
56	28	1.28572
56	30	1.28572
56	32	1.28572
56	34	1.28572
56	36	1.28572
56	38	1.28572
56	40	1.28572
56	42	1.28572
56	44	1.28572
56	46	1.28572
56	48	1.28572
56	50	1.28572
56	52	1.28572
56	54	1.28572
56	56	1.28572
56	58	1.28572
56	60	1.28572
56	62	1.28572
56	64	1.28572
56	66	1.28572
56	68	1.28572
56	70	1.28572
56	72	1.28572
56	74	1.28572
56	76	1.28572
56	78	1.28572
56	80	1.28572
56	82	1.28572
56	84	1.28572
56	86	1.28572
56	88	1.28572
56	90	1.28572
56	92	1.28572
56	94	1.28572
56	96	1.28572
56	98	1.28572
56	100	1.28571
56	102	1.28571
56	104	1.28571
56	106	1.28571
56	108	1.28571
56	110	1.28571
56	112	1.28571
56	114	1.28571
56	116	1.28571
56	118	1.28571
56	120	1.28571
56	122	1.28571
56	124	1.28571
56	126	1.28571
56	128	1.28571
56	130	1.28571
56	132	1.28571
56	134	1.28571
56	136	1.28571
56	138	1.28571
56	140	1.28571
56	142	1.28571
56	144	1.28571
56	146	1.28571
56	148	1.28571
56	150	1.28571
56	152	1.28571
56	154	1.28571
56	156	1.28571
56	158	1.28571
56	160	1.28571
56	162	1.28571
56	164	1.28571
56	166	1.28571
56	168	1.28571
56	170	1.28571
56	172	1.28571
56	174	1.28571
56	176	1.28571
56	178	1.28571
56	180	1.28571
56	182	1.28571
56	184	1.28571
56	186	1.28571
56	188	1.28571
56	190	1.28571
56	192	1.28571
56	194	1.28571
56	196	1.28571
58	2	1.28571
58	4	1.28571
58	6	1.28571
58	8	1.28571
58	10	1.28571
58	12	1.28571
58	14	1.28571
58	16	1.28571
58	18	1.28571
58	20	1.28571
58	22	1.28571
58	24	1.28571
58	26	1.28571
58	28	1.28571
58	30	1.28571
58	32	1.28571
58	34	1.28571
58	36	1.28571
58	38	1.28571
58	40	1.28571
58	42	1.28571
58	44	1.28571
58	46	1.28571
58	48	1.28571
58	50	1.28571
58	52	1.28571
58	54	1.28571
58	56	1.28571
58	58	1.28571
58	60	1.28571
58	62	1.28571
58	64	1.28571
58	66	1.28571
58	68	1.28571
58	70	1.28571
58	72	1.28571
58	74	1.28571
58	76	1.28571
58	78	1.28571
58	80	1.28571
58	82	1.28571
58	84	1.28571
58	86	1.28571
58	88	1.28571
58	90	1.28571
58	92	1.28571
58	94	1.28571
58	96	1.28571
58	98	1.28571
58	100	1.28571
58	102	1.28571
58	104	1.28571
58	106	1.28571
58	108	1.28571
58	110	1.28571
58	112	1.28571
58	114	1.28571
58	116	1.28571
58	118	1.28571
58	120	1.28571
58	122	1.28571
58	124	1.28571
58	126	1.28571
58	128	1.28571
58	130	1.28571
58	132	1.28571
58	134	1.28571
58	136	1.28571
58	138	1.28571
58	140	1.28571
58	142	1.28571
58	144	1.28571
58	146	1.28571
58	148	1.28571
58	150	1.28571
58	152	1.28571
58	154	1.28571
58	156	1.28571
58	158	1.28571
58	160	1.28571
58	162	1.28571
58	164	1.28571
58	166	1.28571
58	168	1.28571
58	170	1.28571
58	172	1.28571
58	174	1.28571
58	176	1.28571
58	178	1.28571
58	180	1.28571
58	182	1.28571
58	184	1.28571
58	186	1.28571
58	188	1.28571
58	190	1.28571
58	192	1.28571
58	194	1.28571
58	196	1.28571
60	2	1.28571
60	4	1.28571
60	6	1.28571
60	8	1.28571
60	10	1.28571
60	12	1.28571
60	14	1.28571
60	16	1.28571
60	18	1.28571
60	20	1.28571
60	22	1.28571
60	24	1.28571
60	26	1.28571
60	28	1.28571
60	30	1.28571
60	32	1.28571
60	34	1.28571
60	36	1.28571
60	38	1.28571
60	40	1.28571
60	42	1.28571
60	44	1.28571
60	46	1.28571
60	48	1.28571
60	50	1.28571
60	52	1.28571
60	54	1.28571
60	56	1.28571
60	58	1.28571
60	60	1.28571
60	62	1.28571
60	64	1.28571
60	66	1.28571
60	68	1.28571
60	70	1.28571
60	72	1.28571
60	74	1.28571
60	76	1.28571
60	78	1.28571
60	80	1.28571
60	82	1.28571
60	84	1.28571
60	86	1.28571
60	88	1.28571
60	90	1.28571
60	92	1.28571
60	94	1.28571
60	96	1.28571
60	98	1.28571
60	100	1.28571
60	102	1.28571
60	104	1.28571
60	106	1.28571
60	108	1.28571
60	110	1.28571
60	112	1.28571
60	114	1.28571
60	116	1.28571
60	118	1.28571
60	120	1.28571
60	122	1.28571
60	124	1.28571
60	126	1.28571
60	128	1.28571
60	130	1.28571
60	132	1.28571
60	134	1.28571
60	136	1.28571
60	138	1.28571
60	140	1.28571
60	142	1.28571
60	144	1.28571
60	146	1.28571
60	148	1.28571
60	150	1.28571
60	152	1.28571
60	154	1.28571
60	156	1.28571
60	158	1.28571
60	160	1.28571
60	162	1.28571
60	164	1.28571
60	166	1.28571
60	168	1.28571
60	170	1.28571
60	172	1.28571
60	174	1.28571
60	176	1.28571
60	178	1.28571
60	180	1.28571
60	182	1.28571
60	184	1.28571
60	186	1.28571
60	188	1.28571
60	190	1.28571
60	192	1.28571
60	194	1.28571
60	196	1.28571
62	2	1.28571
62	4	1.28571
62	6	1.28571
62	8	1.28571
62	10	1.28571
62	12	1.28571
62	14	1.28571
62	16	1.28571
62	18	1.28571
62	20	1.28571
62	22	1.28571
62	24	1.28571
62	26	1.28571
62	28	1.28571
62	30	1.28571
62	32	1.28571
62	34	1.28571
62	36	1.28571
62	38	1.28571
62	40	1.28571
62	42	1.28571
62	44	1.28571
62	46	1.28571
62	48	1.28571
62	50	1.28571
62	52	1.28571
62	54	1.28571
62	56	1.28571
62	58	1.28571
62	60	1.28571
62	62	1.28571
62	64	1.28571
62	66	1.28571
62	68	1.28571
62	70	1.28571
62	72	1.28571
62	74	1.28571
62	76	1.28571
62	78	1.28571
62	80	1.28571
62	82	1.28571
62	84	1.28571
62	86	1.28571
62	88	1.28571
62	90	1.28571
62	92	1.28571
62	94	1.28571
62	96	1.28571
62	98	1.28571
62	100	1.28571
62	102	1.28571
62	104	1.28571
62	106	1.28571
62	108	1.28571
62	110	1.28571
62	112	1.28571
62	114	1.28571
62	116	1.28571
62	118	1.28571
62	120	1.28571
62	122	1.28571
62	124	1.28571
62	126	1.28571
62	128	1.28571
62	130	1.28571
62	132	1.28571
62	134	1.28571
62	136	1.28571
62	138	1.28571
62	140	1.28571
62	142	1.28571
62	144	1.28571
62	146	1.28571
62	148	1.28571
62	150	1.28571
62	152	1.28571
62	154	1.28571
62	156	1.28571
62	158	1.28571
62	160	1.28571
62	162	1.28571
62	164	1.28571
62	166	1.28571
62	168	1.28571
62	170	1.28571
62	172	1.28571
62	174	1.28571
62	176	1.28571
62	178	1.28571
62	180	1.28571
62	182	1.28571
62	184	1.28571
62	186	1.28571
62	188	1.28571
62	190	1.28571
62	192	1.28571
62	194	1.28571
62	196	1.28571
64	2	1.28571
64	4	1.28571
64	6	1.28571
64	8	1.28571
64	10	1.28571
64	12	1.28571
64	14	1.28571
64	16	1.28571
64	18	1.28571
64	20	1.28571
64	22	1.28571
64	24	1.28571
64	26	1.28571
64	28	1.28571
64	30	1.28571
64	32	1.28571
64	34	1.28571
64	36	1.28571
64	38	1.28571
64	40	1.28571
64	42	1.28571
64	44	1.28571
64	46	1.28571
64	48	1.28571
64	50	1.28571
64	52	1.28571
64	54	1.28571
64	56	1.28571
64	58	1.28571
64	60	1.28571
64	62	1.28571
64	64	1.28571
64	66	1.28571
64	68	1.28571
64	70	1.28571
64	72	1.28571
64	74	1.28571
64	76	1.28571
64	78	1.28571
64	80	1.28571
64	82	1.28571
64	84	1.28571
64	86	1.28571
64	88	1.28571
64	90	1.28571
64	92	1.28571
64	94	1.28571
64	96	1.28571
64	98	1.28571
64	100	1.28571
64	102	1.28571
64	104	1.28571
64	106	1.28571
64	108	1.28571
64	110	1.28571
64	112	1.28571
64	114	1.28571
64	116	1.28571
64	118	1.28571
64	120	1.28571
64	122	1.28571
64	124	1.28571
64	126	1.28571
64	128	1.28571
64	130	1.28571
64	132	1.28571
64	134	1.28571
64	136	1.28571
64	138	1.28571
64	140	1.28571
64	142	1.28571
64	144	1.28571
64	146	1.28571
64	148	1.28571
64	150	1.28571
64	152	1.28571
64	154	1.28571
64	156	1.28571
64	158	1.28571
64	160	1.28571
64	162	1.28571
64	164	1.28571
64	166	1.28571
64	168	1.28571
64	170	1.28571
64	172	1.28571
64	174	1.28571
64	176	1.28571
64	178	1.28571
64	180	1.28571
64	182	1.28571
64	184	1.28571
64	186	1.28571
64	188	1.28571
64	190	1.28571
64	192	1.28571
64	194	1.28571
64	196	1.28571
66	2	1.28571
66	4	1.28571
66	6	1.28571
66	8	1.28571
66	10	1.28571
66	12	1.28571
66	14	1.28571
66	16	1.28571
66	18	1.28571
66	20	1.28571
66	22	1.28571
66	24	1.28571
66	26	1.28571
66	28	1.28571
66	30	1.28571
66	32	1.28571
66	34	1.28571
66	36	1.28571
66	38	1.28571
66	40	1.28571
66	42	1.28571
66	44	1.28571
66	46	1.28571
66	48	1.28571
66	50	1.28571
66	52	1.28571
66	54	1.28571
66	56	1.28571
66	58	1.28571
66	60	1.28571
66	62	1.28571
66	64	1.28571
66	66	1.28571
66	68	1.28571
66	70	1.28571
66	72	1.28571
66	74	1.28571
66	76	1.28571
66	78	1.28571
66	80	1.28571
66	82	1.28571
66	84	1.28571
66	86	1.28571
66	88	1.28571
66	90	1.28571
66	92	1.28571
66	94	1.28571
66	96	1.28571
66	98	1.28571
66	100	1.28571
66	102	1.28571
66	104	1.28571
66	106	1.28571
66	108	1.28571
66	110	1.28571
66	112	1.28571
66	114	1.28571
66	116	1.28571
66	118	1.28571
66	120	1.28571
66	122	1.28571
66	124	1.28571
66	126	1.28571
66	128	1.28571
66	130	1.28571
66	132	1.28571
66	134	1.28571
66	136	1.28571
66	138	1.28571
66	140	1.28571
66	142	1.28571
66	144	1.28571
66	146	1.28571
66	148	1.28571
66	150	1.28571
66	152	1.28571
66	154	1.28571
66	156	1.28571
66	158	1.28571
66	160	1.28571
66	162	1.28571
66	164	1.28571
66	166	1.28571
66	168	1.28571
66	170	1.28571
66	172	1.28571
66	174	1.28571
66	176	1.28571
66	178	1.28571
66	180	1.28571
66	182	1.28571
66	184	1.28571
66	186	1.28571
66	188	1.28571
66	190	1.28571
66	192	1.28571
66	194	1.28571
66	196	1.28571
68	2	1.28571
68	4	1.28571
68	6	1.28571
68	8	1.28571
68	10	1.28571
68	12	1.28571
68	14	1.28571
68	16	1.28571
68	18	1.28571
68	20	1.28571
68	22	1.28571
68	24	1.28571
68	26	1.28571
68	28	1.28571
68	30	1.28571
68	32	1.28571
68	34	1.28571
68	36	1.28571
68	38	1.28571
68	40	1.28571
68	42	1.28571
68	44	1.28571
68	46	1.28571
68	48	1.28571
68	50	1.28571
68	52	1.28571
68	54	1.28571
68	56	1.28571
68	58	1.28571
68	60	1.28571
68	62	1.28571
68	64	1.28571
68	66	1.28571
68	68	1.28571
68	70	1.28571
68	72	1.28571
68	74	1.28571
68	76	1.28571
68	78	1.28571
68	80	1.28571
68	82	1.28571
68	84	1.28571
68	86	1.28571
68	88	1.28571
68	90	1.28571
68	92	1.28571
68	94	1.28571
68	96	1.28571
68	98	1.28571
68	100	1.28571
68	102	1.28571
68	104	1.28571
68	106	1.28571
68	108	1.28571
68	110	1.28571
68	112	1.28571
68	114	1.28571
68	116	1.28571
68	118	1.28571
68	120	1.28571
68	122	1.28571
68	124	1.28571
68	126	1.28571
68	128	1.28571
68	130	1.28571
68	132	1.28571
68	134	1.28571
68	136	1.28571
68	138	1.28571
68	140	1.28571
68	142	1.28571
68	144	1.28571
68	146	1.28571
68	148	1.28571
68	150	1.28571
68	152	1.28571
68	154	1.28571
68	156	1.28571
68	158	1.28571
68	160	1.28571
68	162	1.28571
68	164	1.28571
68	166	1.28571
68	168	1.28571
68	170	1.28571
68	172	1.28571
68	174	1.28571
68	176	1.28571
68	178	1.28571
68	180	1.28571
68	182	1.28571
68	184	1.28571
68	186	1.28571
68	188	1.28571
68	190	1.28571
68	192	1.28571
68	194	1.28571
68	196	1.28571
70	2	1.28571
70	4	1.28571
70	6	1.28571
70	8	1.28571
70	10	1.28571
70	12	1.28571
70	14	1.28571
70	16	1.28571
70	18	1.28571
70	20	1.28571
70	22	1.28571
70	24	1.28571
70	26	1.28571
70	28	1.28571
70	30	1.28571
70	32	1.28571
70	34	1.28571
70	36	1.28571
70	38	1.28571
70	40	1.28571
70	42	1.28571
70	44	1.28571
70	46	1.28571
70	48	1.28571
70	50	1.28571
70	52	1.28571
70	54	1.28571
70	56	1.28571
70	58	1.28571
70	60	1.28571
70	62	1.28571
70	64	1.28571
70	66	1.28571
70	68	1.28571
70	70	1.28571
70	72	1.28571
70	74	1.28571
70	76	1.28571
70	78	1.28571
70	80	1.28571
70	82	1.28571
70	84	1.28571
70	86	1.28571
70	88	1.28571
70	90	1.28571
70	92	1.28571
70	94	1.28571
70	96	1.28571
70	98	1.28571
70	100	1.28571
70	102	1.28571
70	104	1.28571
70	106	1.28571
70	108	1.28571
70	110	1.28571
70	112	1.28571
70	114	1.28571
70	116	1.28571
70	118	1.28571
70	120	1.28571
70	122	1.28571
70	124	1.28571
70	126	1.28571
70	128	1.28571
70	130	1.28571
70	132	1.28571
70	134	1.28571
70	136	1.28571
70	138	1.28571
70	140	1.28571
70	142	1.28571
70	144	1.28571
70	146	1.28571
70	148	1.28571
70	150	1.28571
70	152	1.28571
70	154	1.28571
70	156	1.28571
70	158	1.28571
70	160	1.28571
70	162	1.28571
70	164	1.28571
70	166	1.28571
70	168	1.28571
70	170	1.28571
70	172	1.28571
70	174	1.28571
70	176	1.28571
70	178	1.28571
70	180	1.28571
70	182	1.28571
70	184	1.28571
70	186	1.28571
70	188	1.28571
70	190	1.28571
70	192	1.28571
70	194	1.28571
70	196	1.28571
72	2	1.28571
72	4	1.28571
72	6	1.28571
72	8	1.28571
72	10	1.28571
72	12	1.28571
72	14	1.28571
72	16	1.28571
72	18	1.28571
72	20	1.28571
72	22	1.28571
72	24	1.28571
72	26	1.28571
72	28	1.28571
72	30	1.28571
72	32	1.28571
72	34	1.28571
72	36	1.28571
72	38	1.28571
72	40	1.28571
72	42	1.28571
72	44	1.28571
72	46	1.28571
72	48	1.28571
72	50	1.28571
72	52	1.28571
72	54	1.28571
72	56	1.28571
72	58	1.28571
72	60	1.28571
72	62	1.28571
72	64	1.28571
72	66	1.28571
72	68	1.28571
72	70	1.28571
72	72	1.28571
72	74	1.28571
72	76	1.28571
72	78	1.28571
72	80	1.28571
72	82	1.28571
72	84	1.28571
72	86	1.28571
72	88	1.28571
72	90	1.28571
72	92	1.28571
72	94	1.28571
72	96	1.28571
72	98	1.28571
72	100	1.28571
72	102	1.28571
72	104	1.28571
72	106	1.28571
72	108	1.28571
72	110	1.28571
72	112	1.28571
72	114	1.28571
72	116	1.28571
72	118	1.28571
72	120	1.28571
72	122	1.28571
72	124	1.28571
72	126	1.28571
72	128	1.28571
72	130	1.28571
72	132	1.28571
72	134	1.28571
72	136	1.28571
72	138	1.28571
72	140	1.28571
72	142	1.28571
72	144	1.28571
72	146	1.28571
72	148	1.28571
72	150	1.28571
72	152	1.28571
72	154	1.28571
72	156	1.28571
72	158	1.28571
72	160	1.28571
72	162	1.28571
72	164	1.28571
72	166	1.28571
72	168	1.28571
72	170	1.28571
72	172	1.28571
72	174	1.28571
72	176	1.28571
72	178	1.28571
72	180	1.28571
72	182	1.28571
72	184	1.28571
72	186	1.28571
72	188	1.28571
72	190	1.28571
72	192	1.28571
72	194	1.28571
72	196	1.28571
74	2	1.28571
74	4	1.28571
74	6	1.28571
74	8	1.28571
74	10	1.28571
74	12	1.28571
74	14	1.28571
74	16	1.28571
74	18	1.28571
74	20	1.28571
74	22	1.28571
74	24	1.28571
74	26	1.28571
74	28	1.28571
74	30	1.28571
74	32	1.28571
74	34	1.28571
74	36	1.28571
74	38	1.28571
74	40	1.28571
74	42	1.28571
74	44	1.28571
74	46	1.28571
74	48	1.28571
74	50	1.28571
74	52	1.28571
74	54	1.28571
74	56	1.28571
74	58	1.28571
74	60	1.28571
74	62	1.28571
74	64	1.28571
74	66	1.28571
74	68	1.28571
74	70	1.28571
74	72	1.28571
74	74	1.28571
74	76	1.28571
74	78	1.28571
74	80	1.28571
74	82	1.28571
74	84	1.28571
74	86	1.28571
74	88	1.28571
74	90	1.28571
74	92	1.28571
74	94	1.28571
74	96	1.28571
74	98	1.28571
74	100	1.28571
74	102	1.28571
74	104	1.28571
74	106	1.28571
74	108	1.28571
74	110	1.28571
74	112	1.28571
74	114	1.28571
74	116	1.28571
74	118	1.28571
74	120	1.28571
74	122	1.28571
74	124	1.28571
74	126	1.28571
74	128	1.28571
74	130	1.28571
74	132	1.28571
74	134	1.28571
74	136	1.28571
74	138	1.28571
74	140	1.28571
74	142	1.28571
74	144	1.28571
74	146	1.28571
74	148	1.28571
74	150	1.28571
74	152	1.28571
74	154	1.28571
74	156	1.28571
74	158	1.28571
74	160	1.28571
74	162	1.28571
74	164	1.28571
74	166	1.28571
74	168	1.28571
74	170	1.28571
74	172	1.28571
74	174	1.28571
74	176	1.28571
74	178	1.28571
74	180	1.28571
74	182	1.28571
74	184	1.28571
74	186	1.28571
74	188	1.28571
74	190	1.28571
74	192	1.28571
74	194	1.28571
74	196	1.28571
76	2	1.28571
76	4	1.28571
76	6	1.28571
76	8	1.28571
76	10	1.28571
76	12	1.28571
76	14	1.28571
76	16	1.28571
76	18	1.28571
76	20	1.28571
76	22	1.28571
76	24	1.28571
76	26	1.28571
76	28	1.28571
76	30	1.28571
76	32	1.28571
76	34	1.28571
76	36	1.28571
76	38	1.28571
76	40	1.28571
76	42	1.28571
76	44	1.28571
76	46	1.28571
76	48	1.28571
76	50	1.28571
76	52	1.28571
76	54	1.28571
76	56	1.28571
76	58	1.28571
76	60	1.28571
76	62	1.28571
76	64	1.28571
76	66	1.28571
76	68	1.28571
76	70	1.28571
76	72	1.28571
76	74	1.28571
76	76	1.28571
76	78	1.28571
76	80	1.28571
76	82	1.28571
76	84	1.28571
76	86	1.28571
76	88	1.28571
76	90	1.28571
76	92	1.28571
76	94	1.28571
76	96	1.28571
76	98	1.28571
76	100	1.28571
76	102	1.28571
76	104	1.28571
76	106	1.28571
76	108	1.28571
76	110	1.28571
76	112	1.28571
76	114	1.28571
76	116	1.28571
76	118	1.28571
76	120	1.28571
76	122	1.28571
76	124	1.28571
76	126	1.28571
76	128	1.28571
76	130	1.28571
76	132	1.28571
76	134	1.28571
76	136	1.28571
76	138	1.28571
76	140	1.28571
76	142	1.28571
76	144	1.28571
76	146	1.28571
76	148	1.28571
76	150	1.28571
76	152	1.28571
76	154	1.28571
76	156	1.28571
76	158	1.28571
76	160	1.28571
76	162	1.28571
76	164	1.28571
76	166	1.28571
76	168	1.28571
76	170	1.28571
76	172	1.28571
76	174	1.28571
76	176	1.28571
76	178	1.28571
76	180	1.28571
76	182	1.28571
76	184	1.28571
76	186	1.28571
76	188	1.28571
76	190	1.28571
76	192	1.28571
76	194	1.28571
76	196	1.28571
78	2	1.28571
78	4	1.28571
78	6	1.28571
78	8	1.28571
78	10	1.28571
78	12	1.28571
78	14	1.28571
78	16	1.28571
78	18	1.28571
78	20	1.28571
78	22	1.28571
78	24	1.28571
78	26	1.28571
78	28	1.28571
78	30	1.28571
78	32	1.28571
78	34	1.28571
78	36	1.28571
78	38	1.28571
78	40	1.28571
78	42	1.28571
78	44	1.28571
78	46	1.28571
78	48	1.28571
78	50	1.28571
78	52	1.28571
78	54	1.28571
78	56	1.28571
78	58	1.28571
78	60	1.28571
78	62	1.28571
78	64	1.28571
78	66	1.28571
78	68	1.28571
78	70	1.28571
78	72	1.28571
78	74	1.28571
78	76	1.28571
78	78	1.28571
78	80	1.28571
78	82	1.28571
78	84	1.28571
78	86	1.28571
78	88	1.28571
78	90	1.28571
78	92	1.28571
78	94	1.28571
78	96	1.28571
78	98	1.28571
78	100	1.28571
78	102	1.28571
78	104	1.28571
78	106	1.28571
78	108	1.28571
78	110	1.28571
78	112	1.28571
78	114	1.28571
78	116	1.28571
78	118	1.28571
78	120	1.28571
78	122	1.28571
78	124	1.28571
78	126	1.28571
78	128	1.28571
78	130	1.28571
78	132	1.28571
78	134	1.28571
78	136	1.28571
78	138	1.28571
78	140	1.28571
78	142	1.28571
78	144	1.28571
78	146	1.28571
78	148	1.28571
78	150	1.28571
78	152	1.28571
78	154	1.28571
78	156	1.28571
78	158	1.28571
78	160	1.28571
78	162	1.28571
78	164	1.28571
78	166	1.28571
78	168	1.28571
78	170	1.28571
78	172	1.28571
78	174	1.28571
78	176	1.28571
78	178	1.28571
78	180	1.28571
78	182	1.28571
78	184	1.28571
78	186	1.28571
78	188	1.28571
78	190	1.28571
78	192	1.28571
78	194	1.28571
78	196	1.28571
80	2	1.28571
80	4	1.28571
80	6	1.28571
80	8	1.28571
80	10	1.28571
80	12	1.28571
80	14	1.28571
80	16	1.28571
80	18	1.28571
80	20	1.28571
80	22	1.28571
80	24	1.28571
80	26	1.28571
80	28	1.28571
80	30	1.28571
80	32	1.28571
80	34	1.28571
80	36	1.28571
80	38	1.28571
80	40	1.28571
80	42	1.28571
80	44	1.28571
80	46	1.28571
80	48	1.28571
80	50	1.28571
80	52	1.28571
80	54	1.28571
80	56	1.28571
80	58	1.28571
80	60	1.28571
80	62	1.28571
80	64	1.28571
80	66	1.28571
80	68	1.28571
80	70	1.28571
80	72	1.28571
80	74	1.28571
80	76	1.28571
80	78	1.28571
80	80	1.28571
80	82	1.28571
80	84	1.28571
80	86	1.28571
80	88	1.28571
80	90	1.28571
80	92	1.28571
80	94	1.28571
80	96	1.28571
80	98	1.28571
80	100	1.28571
80	102	1.28571
80	104	1.28571
80	106	1.28571
80	108	1.28571
80	110	1.28571
80	112	1.28571
80	114	1.28571
80	116	1.28571
80	118	1.28571
80	120	1.28571
80	122	1.28571
80	124	1.28571
80	126	1.28571
80	128	1.28571
80	130	1.28571
80	132	1.28571
80	134	1.28571
80	136	1.28571
80	138	1.28571
80	140	1.28571
80	142	1.28571
80	144	1.28571
80	146	1.28571
80	148	1.28571
80	150	1.28571
80	152	1.28571
80	154	1.28571
80	156	1.28571
80	158	1.28571
80	160	1.28571
80	162	1.28571
80	164	1.28571
80	166	1.28571
80	168	1.28571
80	170	1.28571
80	172	1.28571
80	174	1.28571
80	176	1.28571
80	178	1.28571
80	180	1.28571
80	182	1.28571
80	184	1.28571
80	186	1.28571
80	188	1.28571
80	190	1.28571
80	192	1.28571
80	194	1.28571
80	196	1.28571
82	2	1.28571
82	4	1.28571
82	6	1.28571
82	8	1.28571
82	10	1.28571
82	12	1.28571
82	14	1.28571
82	16	1.28571
82	18	1.28571
82	20	1.28571
82	22	1.28571
82	24	1.28571
82	26	1.28571
82	28	1.28571
82	30	1.28571
82	32	1.28571
82	34	1.28571
82	36	1.28571
82	38	1.28571
82	40	1.28571
82	42	1.28571
82	44	1.28571
82	46	1.28571
82	48	1.28571
82	50	1.28571
82	52	1.28571
82	54	1.28571
82	56	1.28571
82	58	1.28571
82	60	1.28571
82	62	1.28571
82	64	1.28571
82	66	1.28571
82	68	1.28571
82	70	1.28571
82	72	1.28571
82	74	1.28571
82	76	1.28571
82	78	1.28571
82	80	1.28571
82	82	1.28571
82	84	1.28571
82	86	1.28571
82	88	1.28571
82	90	1.28571
82	92	1.28571
82	94	1.28571
82	96	1.28571
82	98	1.28571
82	100	1.28571
82	102	1.28571
82	104	1.28571
82	106	1.28571
82	108	1.28571
82	110	1.28571
82	112	1.28571
82	114	1.28571
82	116	1.28571
82	118	1.28571
82	120	1.28571
82	122	1.28571
82	124	1.28571
82	126	1.28571
82	128	1.28571
82	130	1.28571
82	132	1.28571
82	134	1.28571
82	136	1.28571
82	138	1.28571
82	140	1.28571
82	142	1.28571
82	144	1.28571
82	146	1.28571
82	148	1.28571
82	150	1.28571
82	152	1.28571
82	154	1.28571
82	156	1.28571
82	158	1.28571
82	160	1.28571
82	162	1.28571
82	164	1.28571
82	166	1.28571
82	168	1.28571
82	170	1.28571
82	172	1.28571
82	174	1.28571
82	176	1.28571
82	178	1.28571
82	180	1.28571
82	182	1.28571
82	184	1.28571
82	186	1.28571
82	188	1.28571
82	190	1.28571
82	192	1.28571
82	194	1.28571
82	196	1.28571
84	2	1.28571
84	4	1.28571
84	6	1.28571
84	8	1.28571
84	10	1.28571
84	12	1.28571
84	14	1.28571
84	16	1.28571
84	18	1.28571
84	20	1.28571
84	22	1.28571
84	24	1.28571
84	26	1.28571
84	28	1.28571
84	30	1.28571
84	32	1.28571
84	34	1.28571
84	36	1.28571
84	38	1.28571
84	40	1.28571
84	42	1.28571
84	44	1.28571
84	46	1.28571
84	48	1.28571
84	50	1.28571
84	52	1.28571
84	54	1.28571
84	56	1.28571
84	58	1.28571
84	60	1.28571
84	62	1.28571
84	64	1.28571
84	66	1.28571
84	68	1.28571
84	70	1.28571
84	72	1.28571
84	74	1.28571
84	76	1.28571
84	78	1.28571
84	80	1.28571
84	82	1.28571
84	84	1.28571
84	86	1.28571
84	88	1.28571
84	90	1.28571
84	92	1.28571
84	94	1.28571
84	96	1.28571
84	98	1.28571
84	100	1.28571
84	102	1.28571
84	104	1.28571
84	106	1.28571
84	108	1.28571
84	110	1.28571
84	112	1.28571
84	114	1.28571
84	116	1.28571
84	118	1.28571
84	120	1.28571
84	122	1.28571
84	124	1.28571
84	126	1.28571
84	128	1.28571
84	130	1.28571
84	132	1.28571
84	134	1.28571
84	136	1.28571
84	138	1.28571
84	140	1.28571
84	142	1.28571
84	144	1.28571
84	146	1.28571
84	148	1.28571
84	150	1.28571
84	152	1.28571
84	154	1.28571
84	156	1.28571
84	158	1.28571
84	160	1.28571
84	162	1.28571
84	164	1.28571
84	166	1.28571
84	168	1.28571
84	170	1.28571
84	172	1.28571
84	174	1.28571
84	176	1.28571
84	178	1.28571
84	180	1.28571
84	182	1.28571
84	184	1.28571
84	186	1.28571
84	188	1.28571
84	190	1.28571
84	192	1.28571
84	194	1.28571
84	196	1.28571
86	2	1.28571
86	4	1.28571
86	6	1.28571
86	8	1.28571
86	10	1.28571
86	12	1.28571
86	14	1.28571
86	16	1.28571
86	18	1.28571
86	20	1.28571
86	22	1.28571
86	24	1.28571
86	26	1.28571
86	28	1.28571
86	30	1.28571
86	32	1.28571
86	34	1.28571
86	36	1.28571
86	38	1.28571
86	40	1.28571
86	42	1.28571
86	44	1.28571
86	46	1.28571
86	48	1.28571
86	50	1.28571
86	52	1.28571
86	54	1.28571
86	56	1.28571
86	58	1.28571
86	60	1.28571
86	62	1.28571
86	64	1.28571
86	66	1.28571
86	68	1.28571
86	70	1.28571
86	72	1.28571
86	74	1.28571
86	76	1.28571
86	78	1.28571
86	80	1.28571
86	82	1.28571
86	84	1.28571
86	86	1.28571
86	88	1.28571
86	90	1.28571
86	92	1.28571
86	94	1.28571
86	96	1.28571
86	98	1.28571
86	100	1.28571
86	102	1.28571
86	104	1.28571
86	106	1.28571
86	108	1.28571
86	110	1.28571
86	112	1.28571
86	114	1.28571
86	116	1.28571
86	118	1.28571
86	120	1.28571
86	122	1.28571
86	124	1.28571
86	126	1.28571
86	128	1.28571
86	130	1.28571
86	132	1.28571
86	134	1.28571
86	136	1.28571
86	138	1.28571
86	140	1.28571
86	142	1.28571
86	144	1.28571
86	146	1.28571
86	148	1.28571
86	150	1.28571
86	152	1.28571
86	154	1.28571
86	156	1.28571
86	158	1.28571
86	160	1.28571
86	162	1.28571
86	164	1.28571
86	166	1.28571
86	168	1.28571
86	170	1.28571
86	172	1.28571
86	174	1.28571
86	176	1.28571
86	178	1.28571
86	180	1.28571
86	182	1.28571
86	184	1.28571
86	186	1.28571
86	188	1.28571
86	190	1.28571
86	192	1.28571
86	194	1.28571
86	196	1.28571
88	2	1.28571
88	4	1.28571
88	6	1.28571
88	8	1.28571
88	10	1.28571
88	12	1.28571
88	14	1.28571
88	16	1.28571
88	18	1.28571
88	20	1.28571
88	22	1.28571
88	24	1.28571
88	26	1.28571
88	28	1.28571
88	30	1.28571
88	32	1.28571
88	34	1.28571
88	36	1.28571
88	38	1.28571
88	40	1.28571
88	42	1.28571
88	44	1.28571
88	46	1.28571
88	48	1.28571
88	50	1.28571
88	52	1.28571
88	54	1.28571
88	56	1.28571
88	58	1.28571
88	60	1.28571
88	62	1.28571
88	64	1.28571
88	66	1.28571
88	68	1.28571
88	70	1.28571
88	72	1.28571
88	74	1.28571
88	76	1.28571
88	78	1.28571
88	80	1.28571
88	82	1.28571
88	84	1.28571
88	86	1.28571
88	88	1.28571
88	90	1.28571
88	92	1.28571
88	94	1.28571
88	96	1.28571
88	98	1.28571
88	100	1.28571
88	102	1.28571
88	104	1.28571
88	106	1.28571
88	108	1.28571
88	110	1.28571
88	112	1.28571
88	114	1.28571
88	116	1.28571
88	118	1.28571
88	120	1.28571
88	122	1.28571
88	124	1.28571
88	126	1.28571
88	128	1.28571
88	130	1.28571
88	132	1.28571
88	134	1.28571
88	136	1.28571
88	138	1.28571
88	140	1.28571
88	142	1.28571
88	144	1.28571
88	146	1.28571
88	148	1.28571
88	150	1.28571
88	152	1.28571
88	154	1.28571
88	156	1.28571
88	158	1.28571
88	160	1.28571
88	162	1.28571
88	164	1.28571
88	166	1.28571
88	168	1.28571
88	170	1.28571
88	172	1.28571
88	174	1.28571
88	176	1.28571
88	178	1.28571
88	180	1.28571
88	182	1.28571
88	184	1.28571
88	186	1.28571
88	188	1.28571
88	190	1.28571
88	192	1.28571
88	194	1.28571
88	196	1.28571
90	2	1.28571
90	4	1.28571
90	6	1.28571
90	8	1.28571
90	10	1.28571
90	12	1.28571
90	14	1.28571
90	16	1.28571
90	18	1.28571
90	20	1.28571
90	22	1.28571
90	24	1.28571
90	26	1.28571
90	28	1.28571
90	30	1.28571
90	32	1.28571
90	34	1.28571
90	36	1.28571
90	38	1.28571
90	40	1.28571
90	42	1.28571
90	44	1.28571
90	46	1.28571
90	48	1.28571
90	50	1.28571
90	52	1.28571
90	54	1.28571
90	56	1.28571
90	58	1.28571
90	60	1.28571
90	62	1.28571
90	64	1.28571
90	66	1.28571
90	68	1.28571
90	70	1.28571
90	72	1.28571
90	74	1.28571
90	76	1.28571
90	78	1.28571
90	80	1.28571
90	82	1.28571
90	84	1.28571
90	86	1.28571
90	88	1.28571
90	90	1.28571
90	92	1.28571
90	94	1.28571
90	96	1.28571
90	98	1.28571
90	100	1.28571
90	102	1.28571
90	104	1.28571
90	106	1.28571
90	108	1.28571
90	110	1.28571
90	112	1.28571
90	114	1.28571
90	116	1.28571
90	118	1.28571
90	120	1.28571
90	122	1.28571
90	124	1.28571
90	126	1.28571
90	128	1.28571
90	130	1.28571
90	132	1.28571
90	134	1.28571
90	136	1.28571
90	138	1.28571
90	140	1.28571
90	142	1.28571
90	144	1.28571
90	146	1.28571
90	148	1.28571
90	150	1.28571
90	152	1.28571
90	154	1.28571
90	156	1.28571
90	158	1.28571
90	160	1.28571
90	162	1.28571
90	164	1.28571
90	166	1.28571
90	168	1.28571
90	170	1.28571
90	172	1.28571
90	174	1.28571
90	176	1.28571
90	178	1.28571
90	180	1.28571
90	182	1.28571
90	184	1.28571
90	186	1.28571
90	188	1.28571
90	190	1.28571
90	192	1.28571
90	194	1.28571
90	196	1.28571
92	2	1.28571
92	4	1.28571
92	6	1.28571
92	8	1.28571
92	10	1.28571
92	12	1.28571
92	14	1.28571
92	16	1.28571
92	18	1.28571
92	20	1.28571
92	22	1.28571
92	24	1.28571
92	26	1.28571
92	28	1.28571
92	30	1.28571
92	32	1.28571
92	34	1.28571
92	36	1.28571
92	38	1.28571
92	40	1.28571
92	42	1.28571
92	44	1.28571
92	46	1.28571
92	48	1.28571
92	50	1.28571
92	52	1.28571
92	54	1.28571
92	56	1.28571
92	58	1.28571
92	60	1.28571
92	62	1.28571
92	64	1.28571
92	66	1.28571
92	68	1.28571
92	70	1.28571
92	72	1.28571
92	74	1.28571
92	76	1.28571
92	78	1.28571
92	80	1.28571
92	82	1.28571
92	84	1.28571
92	86	1.28571
92	88	1.28571
92	90	1.28571
92	92	1.28571
92	94	1.28571
92	96	1.28571
92	98	1.28571
92	100	1.28571
92	102	1.28571
92	104	1.28571
92	106	1.28571
92	108	1.28571
92	110	1.28571
92	112	1.28571
92	114	1.28571
92	116	1.28571
92	118	1.28571
92	120	1.28571
92	122	1.28571
92	124	1.28571
92	126	1.28571
92	128	1.28571
92	130	1.28571
92	132	1.28571
92	134	1.28571
92	136	1.28571
92	138	1.28571
92	140	1.28571
92	142	1.28571
92	144	1.28571
92	146	1.28571
92	148	1.28571
92	150	1.28571
92	152	1.28571
92	154	1.28571
92	156	1.28571
92	158	1.28571
92	160	1.28571
92	162	1.28571
92	164	1.28571
92	166	1.28571
92	168	1.28571
92	170	1.28571
92	172	1.28571
92	174	1.28571
92	176	1.28571
92	178	1.28571
92	180	1.28571
92	182	1.28571
92	184	1.28571
92	186	1.28571
92	188	1.28571
92	190	1.28571
92	192	1.28571
92	194	1.28571
92	196	1.28571
94	2	1.28571
94	4	1.28571
94	6	1.28571
94	8	1.28571
94	10	1.28571
94	12	1.28571
94	14	1.28571
94	16	1.28571
94	18	1.28571
94	20	1.28571
94	22	1.28571
94	24	1.28571
94	26	1.28571
94	28	1.28571
94	30	1.28571
94	32	1.28571
94	34	1.28571
94	36	1.28571
94	38	1.28571
94	40	1.28571
94	42	1.28571
94	44	1.28571
94	46	1.28571
94	48	1.28571
94	50	1.28571
94	52	1.28571
94	54	1.28571
94	56	1.28571
94	58	1.28571
94	60	1.28571
94	62	1.28571
94	64	1.28571
94	66	1.28571
94	68	1.28571
94	70	1.28571
94	72	1.28571
94	74	1.28571
94	76	1.28571
94	78	1.28571
94	80	1.28571
94	82	1.28571
94	84	1.28571
94	86	1.28571
94	88	1.28571
94	90	1.28571
94	92	1.28571
94	94	1.28571
94	96	1.28571
94	98	1.28571
94	100	1.28571
94	102	1.28571
94	104	1.28571
94	106	1.28571
94	108	1.28571
94	110	1.28571
94	112	1.28571
94	114	1.28571
94	116	1.28571
94	118	1.28571
94	120	1.28571
94	122	1.28571
94	124	1.28571
94	126	1.28571
94	128	1.28571
94	130	1.28571
94	132	1.28571
94	134	1.28571
94	136	1.28571
94	138	1.28571
94	140	1.28571
94	142	1.28571
94	144	1.28571
94	146	1.28571
94	148	1.28571
94	150	1.28571
94	152	1.28571
94	154	1.28571
94	156	1.28571
94	158	1.28571
94	160	1.28571
94	162	1.28571
94	164	1.28571
94	166	1.28571
94	168	1.28571
94	170	1.28571
94	172	1.28571
94	174	1.28571
94	176	1.28571
94	178	1.28571
94	180	1.28571
94	182	1.28571
94	184	1.28571
94	186	1.28571
94	188	1.28571
94	190	1.28571
94	192	1.28571
94	194	1.28571
94	196	1.28571
96	2	1.28571
96	4	1.28571
96	6	1.28571
96	8	1.28571
96	10	1.28571
96	12	1.28571
96	14	1.28571
96	16	1.28571
96	18	1.28571
96	20	1.28571
96	22	1.28571
96	24	1.28571
96	26	1.28571
96	28	1.28571
96	30	1.28571
96	32	1.28571
96	34	1.28571
96	36	1.28571
96	38	1.28571
96	40	1.28571
96	42	1.28571
96	44	1.28571
96	46	1.28571
96	48	1.28571
96	50	1.28571
96	52	1.28571
96	54	1.28571
96	56	1.28571
96	58	1.28571
96	60	1.28571
96	62	1.28571
96	64	1.28571
96	66	1.28571
96	68	1.28571
96	70	1.28571
96	72	1.28571
96	74	1.28571
96	76	1.28571
96	78	1.28571
96	80	1.28571
96	82	1.28571
96	84	1.28571
96	86	1.28571
96	88	1.28571
96	90	1.28571
96	92	1.28571
96	94	1.28571
96	96	1.28571
96	98	1.28571
96	100	1.28571
96	102	1.28571
96	104	1.28571
96	106	1.28571
96	108	1.28571
96	110	1.28571
96	112	1.28571
96	114	1.28571
96	116	1.28571
96	118	1.28571
96	120	1.28571
96	122	1.28571
96	124	1.28571
96	126	1.28571
96	128	1.28571
96	130	1.28571
96	132	1.28571
96	134	1.28571
96	136	1.28571
96	138	1.28571
96	140	1.28571
96	142	1.28571
96	144	1.28571
96	146	1.28571
96	148	1.28571
96	150	1.28571
96	152	1.28571
96	154	1.28571
96	156	1.28571
96	158	1.28571
96	160	1.28571
96	162	1.28571
96	164	1.28571
96	166	1.28571
96	168	1.28571
96	170	1.28571
96	172	1.28571
96	174	1.28571
96	176	1.28571
96	178	1.28571
96	180	1.28571
96	182	1.28571
96	184	1.28571
96	186	1.28571
96	188	1.28571
96	190	1.28571
96	192	1.28571
96	194	1.28571
96	196	1.28571
