2	2	25
2	4	25
2	6	25
2	8	25
2	10	25
2	12	25
2	14	25
2	16	25
2	18	25
2	20	25
2	22	25
2	24	25
2	26	25
2	28	25
2	30	25
2	32	25
2	34	25
2	36	25
2	38	25
2	40	25
2	42	25
2	44	25
2	46	25
2	48	25
2	50	25
2	52	25
2	54	25
2	56	25
2	58	25
2	60	25
2	62	25
2	64	25
2	66	25
2	68	25
2	70	25
2	72	25
2	74	25
2	76	25
2	78	25
2	80	25
2	82	25
2	84	25
2	86	25
2	88	25
2	90	24.9999
2	92	24.9973
2	94	24.9047
2	96	22.7229
2	98	9.04426
2	100	1.45726
2	102	1.32841
2	104	1.32165
2	106	1.32139
2	108	1.32138
2	110	1.32138
2	112	1.32138
2	114	1.32138
2	116	1.32138
2	118	1.32138
2	120	1.32138
2	122	1.32138
2	124	1.32138
2	126	1.32138
2	128	1.32138
2	130	1.32138
2	132	1.32138
2	134	1.32138
2	136	1.32138
2	138	1.32138
2	140	1.32138
2	142	1.32138
2	144	1.32138
2	146	1.32138
2	148	1.32138
2	150	1.32138
2	152	1.32138
2	154	1.32138
2	156	1.32138
2	158	1.32138
2	160	1.32138
2	162	1.32138
2	164	1.32138
2	166	1.32138
2	168	1.32138
2	170	1.32138
2	172	1.32138
2	174	1.32138
2	176	1.32138
2	178	1.32138
2	180	1.32138
2	182	1.32138
2	184	1.32138
2	186	1.32138
2	188	1.32139
2	190	1.32165
2	192	1.32868
2	194	1.46582
4	2	25
4	4	25
4	6	25
4	8	25
4	10	25
4	12	25
4	14	25
4	16	25
4	18	25
4	20	25
4	22	25
4	24	25
4	26	25
4	28	25
4	30	25
4	32	25
4	34	25
4	36	25
4	38	25
4	40	25
4	42	25
4	44	25
4	46	25
4	48	25
4	50	25
4	52	25
4	54	25
4	56	25
4	58	25
4	60	25
4	62	25
4	64	25
4	66	25
4	68	25
4	70	25
4	72	25
4	74	25
4	76	25
4	78	25
4	80	25
4	82	25
4	84	25
4	86	25
4	88	25
4	90	24.9999
4	92	24.997
4	94	24.8944
4	96	22.4992
4	98	8.45399
4	100	1.32088
4	102	1.2035
4	104	1.19734
4	106	1.1971
4	108	1.19709
4	110	1.19709
4	112	1.19709
4	114	1.19709
4	116	1.19709
4	118	1.19709
4	120	1.19709
4	122	1.19709
4	124	1.19709
4	126	1.19709
4	128	1.19709
4	130	1.19709
4	132	1.19709
4	134	1.19709
4	136	1.19709
4	138	1.19709
4	140	1.19709
4	142	1.19709
4	144	1.19709
4	146	1.19709
4	148	1.19709
4	150	1.19709
4	152	1.19709
4	154	1.19709
4	156	1.19709
4	158	1.19709
4	160	1.19709
4	162	1.19709
4	164	1.19709
4	166	1.19709
4	168	1.19709
4	170	1.19709
4	172	1.19709
4	174	1.19709
4	176	1.19709
4	178	1.19709
4	180	1.19709
4	182	1.19709
4	184	1.19709
4	186	1.19709
4	188	1.1971
4	190	1.19734
4	192	1.20374
4	194	1.32868
6	2	25
6	4	25
6	6	25
6	8	25
6	10	25
6	12	25
6	14	25
6	16	25
6	18	25
6	20	25
6	22	25
6	24	25
6	26	25
6	28	25
6	30	25
6	32	25
6	34	25
6	36	25
6	38	25
6	40	25
6	42	25
6	44	25
6	46	25
6	48	25
6	50	25
6	52	25
6	54	25
6	56	25
6	58	25
6	60	25
6	62	25
6	64	25
6	66	25
6	68	25
6	70	25
6	72	25
6	74	25
6	76	25
6	78	25
6	80	25
6	82	25
6	84	25
6	86	25
6	88	25
6	90	24.9999
6	92	24.9969
6	94	24.8938
6	96	22.4866
6	98	8.4228
6	100	1.31389
6	102	1.1971
6	104	1.19097
6	106	1.19073
6	108	1.19073
6	110	1.19073
6	112	1.19073
6	114	1.19073
6	116	1.19073
6	118	1.19073
6	120	1.19073
6	122	1.19073
6	124	1.19073
6	126	1.19073
6	128	1.19073
6	130	1.19073
6	132	1.19073
6	134	1.19073
6	136	1.19073
6	138	1.19073
6	140	1.19073
6	142	1.19073
6	144	1.19073
6	146	1.19073
6	148	1.19073
6	150	1.19073
6	152	1.19073
6	154	1.19073
6	156	1.19073
6	158	1.19073
6	160	1.19073
6	162	1.19073
6	164	1.19073
6	166	1.19073
6	168	1.19073
6	170	1.19073
6	172	1.19073
6	174	1.19073
6	176	1.19073
6	178	1.19073
6	180	1.19073
6	182	1.19073
6	184	1.19073
6	186	1.19073
6	188	1.19073
6	190	1.19097
6	192	1.19734
6	194	1.32165
8	2	25
8	4	25
8	6	25
8	8	25
8	10	25
8	12	25
8	14	25
8	16	25
8	18	25
8	20	25
8	22	25
8	24	25
8	26	25
8	28	25
8	30	25
8	32	25
8	34	25
8	36	25
8	38	25
8	40	25
8	42	25
8	44	25
8	46	25
8	48	25
8	50	25
8	52	25
8	54	25
8	56	25
8	58	25
8	60	25
8	62	25
8	64	25
8	66	25
8	68	25
8	70	25
8	72	25
8	74	25
8	76	25
8	78	25
8	80	25
8	82	25
8	84	25
8	86	25
8	88	25
8	90	24.9999
8	92	24.9969
8	94	24.8938
8	96	22.4862
8	98	8.42162
8	100	1.31362
8	102	1.19685
8	104	1.19073
8	106	1.19049
8	108	1.19048
8	110	1.19048
8	112	1.19048
8	114	1.19048
8	116	1.19048
8	118	1.19048
8	120	1.19048
8	122	1.19048
8	124	1.19048
8	126	1.19048
8	128	1.19048
8	130	1.19048
8	132	1.19048
8	134	1.19048
8	136	1.19048
8	138	1.19048
8	140	1.19048
8	142	1.19048
8	144	1.19048
8	146	1.19048
8	148	1.19048
8	150	1.19048
8	152	1.19048
8	154	1.19048
8	156	1.19048
8	158	1.19048
8	160	1.19048
8	162	1.19048
8	164	1.19048
8	166	1.19048
8	168	1.19048
8	170	1.19048
8	172	1.19048
8	174	1.19048
8	176	1.19048
8	178	1.19048
8	180	1.19048
8	182	1.19048
8	184	1.19048
8	186	1.19048
8	188	1.19049
8	190	1.19073
8	192	1.1971
8	194	1.32139
10	2	25
10	4	25
10	6	25
10	8	25
10	10	25
10	12	25
10	14	25
10	16	25
10	18	25
10	20	25
10	22	25
10	24	25
10	26	25
10	28	25
10	30	25
10	32	25
10	34	25
10	36	25
10	38	25
10	40	25
10	42	25
10	44	25
10	46	25
10	48	25
10	50	25
10	52	25
10	54	25
10	56	25
10	58	25
10	60	25
10	62	25
10	64	25
10	66	25
10	68	25
10	70	25
10	72	25
10	74	25
10	76	25
10	78	25
10	80	25
10	82	25
10	84	25
10	86	25
10	88	25
10	90	24.9999
10	92	24.9969
10	94	24.8938
10	96	22.4862
10	98	8.42158
10	100	1.31362
10	102	1.19685
10	104	1.19072
10	106	1.19048
10	108	1.19048
10	110	1.19048
10	112	1.19048
10	114	1.19048
10	116	1.19048
10	118	1.19048
10	120	1.19048
10	122	1.19048
10	124	1.19048
10	126	1.19048
10	128	1.19048
10	130	1.19048
10	132	1.19048
10	134	1.19048
10	136	1.19048
10	138	1.19048
10	140	1.19048
10	142	1.19048
10	144	1.19048
10	146	1.19048
10	148	1.19048
10	150	1.19048
10	152	1.19048
10	154	1.19048
10	156	1.19048
10	158	1.19048
10	160	1.19048
10	162	1.19048
10	164	1.19048
10	166	1.19048
10	168	1.19048
10	170	1.19048
10	172	1.19048
10	174	1.19048
10	176	1.19048
10	178	1.19048
10	180	1.19048
10	182	1.19048
10	184	1.19048
10	186	1.19048
10	188	1.19048
10	190	1.19073
10	192	1.19709
10	194	1.32138
12	2	25
12	4	25
12	6	25
12	8	25
12	10	25
12	12	25
12	14	25
12	16	25
12	18	25
12	20	25
12	22	25
12	24	25
12	26	25
12	28	25
12	30	25
12	32	25
12	34	25
12	36	25
12	38	25
12	40	25
12	42	25
12	44	25
12	46	25
12	48	25
12	50	25
12	52	25
12	54	25
12	56	25
12	58	25
12	60	25
12	62	25
12	64	25
12	66	25
12	68	25
12	70	25
12	72	25
12	74	25
12	76	25
12	78	25
12	80	25
12	82	25
12	84	25
12	86	25
12	88	25
12	90	24.9999
12	92	24.9969
12	94	24.8938
12	96	22.4862
12	98	8.42158
12	100	1.31362
12	102	1.19685
12	104	1.19072
12	106	1.19048
12	108	1.19048
12	110	1.19048
12	112	1.19048
12	114	1.19048
12	116	1.19048
12	118	1.19048
12	120	1.19048
12	122	1.19048
12	124	1.19048
12	126	1.19048
12	128	1.19048
12	130	1.19048
12	132	1.19048
12	134	1.19048
12	136	1.19048
12	138	1.19048
12	140	1.19048
12	142	1.19048
12	144	1.19048
12	146	1.19048
12	148	1.19048
12	150	1.19048
12	152	1.19048
12	154	1.19048
12	156	1.19048
12	158	1.19048
12	160	1.19048
12	162	1.19048
12	164	1.19048
12	166	1.19048
12	168	1.19048
12	170	1.19048
12	172	1.19048
12	174	1.19048
12	176	1.19048
12	178	1.19048
12	180	1.19048
12	182	1.19048
12	184	1.19048
12	186	1.19048
12	188	1.19048
12	190	1.19073
12	192	1.19709
12	194	1.32138
14	2	25
14	4	25
14	6	25
14	8	25
14	10	25
14	12	25
14	14	25
14	16	25
14	18	25
14	20	25
14	22	25
14	24	25
14	26	25
14	28	25
14	30	25
14	32	25
14	34	25
14	36	25
14	38	25
14	40	25
14	42	25
14	44	25
14	46	25
14	48	25
14	50	25
14	52	25
14	54	25
14	56	25
14	58	25
14	60	25
14	62	25
14	64	25
14	66	25
14	68	25
14	70	25
14	72	25
14	74	25
14	76	25
14	78	25
14	80	25
14	82	25
14	84	25
14	86	25
14	88	25
14	90	24.9999
14	92	24.9969
14	94	24.8938
14	96	22.4862
14	98	8.42158
14	100	1.31362
14	102	1.19685
14	104	1.19072
14	106	1.19048
14	108	1.19048
14	110	1.19048
14	112	1.19048
14	114	1.19048
14	116	1.19048
14	118	1.19048
14	120	1.19048
14	122	1.19048
14	124	1.19048
14	126	1.19048
14	128	1.19048
14	130	1.19048
14	132	1.19048
14	134	1.19048
14	136	1.19048
14	138	1.19048
14	140	1.19048
14	142	1.19048
14	144	1.19048
14	146	1.19048
14	148	1.19048
14	150	1.19048
14	152	1.19048
14	154	1.19048
14	156	1.19048
14	158	1.19048
14	160	1.19048
14	162	1.19048
14	164	1.19048
14	166	1.19048
14	168	1.19048
14	170	1.19048
14	172	1.19048
14	174	1.19048
14	176	1.19048
14	178	1.19048
14	180	1.19048
14	182	1.19048
14	184	1.19048
14	186	1.19048
14	188	1.19048
14	190	1.19073
14	192	1.19709
14	194	1.32138
16	2	25
16	4	25
16	6	25
16	8	25
16	10	25
16	12	25
16	14	25
16	16	25
16	18	25
16	20	25
16	22	25
16	24	25
16	26	25
16	28	25
16	30	25
16	32	25
16	34	25
16	36	25
16	38	25
16	40	25
16	42	25
16	44	25
16	46	25
16	48	25
16	50	25
16	52	25
16	54	25
16	56	25
16	58	25
16	60	25
16	62	25
16	64	25
16	66	25
16	68	25
16	70	25
16	72	25
16	74	25
16	76	25
16	78	25
16	80	25
16	82	25
16	84	25
16	86	25
16	88	25
16	90	24.9999
16	92	24.9969
16	94	24.8938
16	96	22.4862
16	98	8.42158
16	100	1.31362
16	102	1.19685
16	104	1.19072
16	106	1.19048
16	108	1.19048
16	110	1.19048
16	112	1.19048
16	114	1.19048
16	116	1.19048
16	118	1.19048
16	120	1.19048
16	122	1.19048
16	124	1.19048
16	126	1.19048
16	128	1.19048
16	130	1.19048
16	132	1.19048
16	134	1.19048
16	136	1.19048
16	138	1.19048
16	140	1.19048
16	142	1.19048
16	144	1.19048
16	146	1.19048
16	148	1.19048
16	150	1.19048
16	152	1.19048
16	154	1.19048
16	156	1.19048
16	158	1.19048
16	160	1.19048
16	162	1.19048
16	164	1.19048
16	166	1.19048
16	168	1.19048
16	170	1.19048
16	172	1.19048
16	174	1.19048
16	176	1.19048
16	178	1.19048
16	180	1.19048
16	182	1.19048
16	184	1.19048
16	186	1.19048
16	188	1.19048
16	190	1.19073
16	192	1.19709
16	194	1.32138
18	2	25
18	4	25
18	6	25
18	8	25
18	10	25
18	12	25
18	14	25
18	16	25
18	18	25
18	20	25
18	22	25
18	24	25
18	26	25
18	28	25
18	30	25
18	32	25
18	34	25
18	36	25
18	38	25
18	40	25
18	42	25
18	44	25
18	46	25
18	48	25
18	50	25
18	52	25
18	54	25
18	56	25
18	58	25
18	60	25
18	62	25
18	64	25
18	66	25
18	68	25
18	70	25
18	72	25
18	74	25
18	76	25
18	78	25
18	80	25
18	82	25
18	84	25
18	86	25
18	88	25
18	90	24.9999
18	92	24.9969
18	94	24.8938
18	96	22.4862
18	98	8.42158
18	100	1.31362
18	102	1.19685
18	104	1.19072
18	106	1.19048
18	108	1.19048
18	110	1.19048
18	112	1.19048
18	114	1.19048
18	116	1.19048
18	118	1.19048
18	120	1.19048
18	122	1.19048
18	124	1.19048
18	126	1.19048
18	128	1.19048
18	130	1.19048
18	132	1.19048
18	134	1.19048
18	136	1.19048
18	138	1.19048
18	140	1.19048
18	142	1.19048
18	144	1.19048
18	146	1.19048
18	148	1.19048
18	150	1.19048
18	152	1.19048
18	154	1.19048
18	156	1.19048
18	158	1.19048
18	160	1.19048
18	162	1.19048
18	164	1.19048
18	166	1.19048
18	168	1.19048
18	170	1.19048
18	172	1.19048
18	174	1.19048
18	176	1.19048
18	178	1.19048
18	180	1.19048
18	182	1.19048
18	184	1.19048
18	186	1.19048
18	188	1.19048
18	190	1.19073
18	192	1.19709
18	194	1.32138
20	2	25
20	4	25
20	6	25
20	8	25
20	10	25
20	12	25
20	14	25
20	16	25
20	18	25
20	20	25
20	22	25
20	24	25
20	26	25
20	28	25
20	30	25
20	32	25
20	34	25
20	36	25
20	38	25
20	40	25
20	42	25
20	44	25
20	46	25
20	48	25
20	50	25
20	52	25
20	54	25
20	56	25
20	58	25
20	60	25
20	62	25
20	64	25
20	66	25
20	68	25
20	70	25
20	72	25
20	74	25
20	76	25
20	78	25
20	80	25
20	82	25
20	84	25
20	86	25
20	88	25
20	90	24.9999
20	92	24.9969
20	94	24.8938
20	96	22.4862
20	98	8.42158
20	100	1.31362
20	102	1.19685
20	104	1.19072
20	106	1.19048
20	108	1.19048
20	110	1.19048
20	112	1.19048
20	114	1.19048
20	116	1.19048
20	118	1.19048
20	120	1.19048
20	122	1.19048
20	124	1.19048
20	126	1.19048
20	128	1.19048
20	130	1.19048
20	132	1.19048
20	134	1.19048
20	136	1.19048
20	138	1.19048
20	140	1.19048
20	142	1.19048
20	144	1.19048
20	146	1.19048
20	148	1.19048
20	150	1.19048
20	152	1.19048
20	154	1.19048
20	156	1.19048
20	158	1.19048
20	160	1.19048
20	162	1.19048
20	164	1.19048
20	166	1.19048
20	168	1.19048
20	170	1.19048
20	172	1.19048
20	174	1.19048
20	176	1.19048
20	178	1.19048
20	180	1.19048
20	182	1.19048
20	184	1.19048
20	186	1.19048
20	188	1.19048
20	190	1.19073
20	192	1.19709
20	194	1.32138
22	2	25
22	4	25
22	6	25
22	8	25
22	10	25
22	12	25
22	14	25
22	16	25
22	18	25
22	20	25
22	22	25
22	24	25
22	26	25
22	28	25
22	30	25
22	32	25
22	34	25
22	36	25
22	38	25
22	40	25
22	42	25
22	44	25
22	46	25
22	48	25
22	50	25
22	52	25
22	54	25
22	56	25
22	58	25
22	60	25
22	62	25
22	64	25
22	66	25
22	68	25
22	70	25
22	72	25
22	74	25
22	76	25
22	78	25
22	80	25
22	82	25
22	84	25
22	86	25
22	88	25
22	90	24.9999
22	92	24.9969
22	94	24.8938
22	96	22.4862
22	98	8.42158
22	100	1.31362
22	102	1.19685
22	104	1.19072
22	106	1.19048
22	108	1.19048
22	110	1.19048
22	112	1.19048
22	114	1.19048
22	116	1.19048
22	118	1.19048
22	120	1.19048
22	122	1.19048
22	124	1.19048
22	126	1.19048
22	128	1.19048
22	130	1.19048
22	132	1.19048
22	134	1.19048
22	136	1.19048
22	138	1.19048
22	140	1.19048
22	142	1.19048
22	144	1.19048
22	146	1.19048
22	148	1.19048
22	150	1.19048
22	152	1.19048
22	154	1.19048
22	156	1.19048
22	158	1.19048
22	160	1.19048
22	162	1.19048
22	164	1.19048
22	166	1.19048
22	168	1.19048
22	170	1.19048
22	172	1.19048
22	174	1.19048
22	176	1.19048
22	178	1.19048
22	180	1.19048
22	182	1.19048
22	184	1.19048
22	186	1.19048
22	188	1.19048
22	190	1.19073
22	192	1.19709
22	194	1.32138
24	2	25
24	4	25
24	6	25
24	8	25
24	10	25
24	12	25
24	14	25
24	16	25
24	18	25
24	20	25
24	22	25
24	24	25
24	26	25
24	28	25
24	30	25
24	32	25
24	34	25
24	36	25
24	38	25
24	40	25
24	42	25
24	44	25
24	46	25
24	48	25
24	50	25
24	52	25
24	54	25
24	56	25
24	58	25
24	60	25
24	62	25
24	64	25
24	66	25
24	68	25
24	70	25
24	72	25
24	74	25
24	76	25
24	78	25
24	80	25
24	82	25
24	84	25
24	86	25
24	88	25
24	90	24.9999
24	92	24.9969
24	94	24.8938
24	96	22.4862
24	98	8.42158
24	100	1.31362
24	102	1.19685
24	104	1.19072
24	106	1.19048
24	108	1.19048
24	110	1.19048
24	112	1.19048
24	114	1.19048
24	116	1.19048
24	118	1.19048
24	120	1.19048
24	122	1.19048
24	124	1.19048
24	126	1.19048
24	128	1.19048
24	130	1.19048
24	132	1.19048
24	134	1.19048
24	136	1.19048
24	138	1.19048
24	140	1.19048
24	142	1.19048
24	144	1.19048
24	146	1.19048
24	148	1.19048
24	150	1.19048
24	152	1.19048
24	154	1.19048
24	156	1.19048
24	158	1.19048
24	160	1.19048
24	162	1.19048
24	164	1.19048
24	166	1.19048
24	168	1.19048
24	170	1.19048
24	172	1.19048
24	174	1.19048
24	176	1.19048
24	178	1.19048
24	180	1.19048
24	182	1.19048
24	184	1.19048
24	186	1.19048
24	188	1.19048
24	190	1.19073
24	192	1.19709
24	194	1.32138
26	2	25
26	4	25
26	6	25
26	8	25
26	10	25
26	12	25
26	14	25
26	16	25
26	18	25
26	20	25
26	22	25
26	24	25
26	26	25
26	28	25
26	30	25
26	32	25
26	34	25
26	36	25
26	38	25
26	40	25
26	42	25
26	44	25
26	46	25
26	48	25
26	50	25
26	52	25
26	54	25
26	56	25
26	58	25
26	60	25
26	62	25
26	64	25
26	66	25
26	68	25
26	70	25
26	72	25
26	74	25
26	76	25
26	78	25
26	80	25
26	82	25
26	84	25
26	86	25
26	88	25
26	90	24.9999
26	92	24.9969
26	94	24.8938
26	96	22.4862
26	98	8.42158
26	100	1.31362
26	102	1.19685
26	104	1.19072
26	106	1.19048
26	108	1.19048
26	110	1.19048
26	112	1.19048
26	114	1.19048
26	116	1.19048
26	118	1.19048
26	120	1.19048
26	122	1.19048
26	124	1.19048
26	126	1.19048
26	128	1.19048
26	130	1.19048
26	132	1.19048
26	134	1.19048
26	136	1.19048
26	138	1.19048
26	140	1.19048
26	142	1.19048
26	144	1.19048
26	146	1.19048
26	148	1.19048
26	150	1.19048
26	152	1.19048
26	154	1.19048
26	156	1.19048
26	158	1.19048
26	160	1.19048
26	162	1.19048
26	164	1.19048
26	166	1.19048
26	168	1.19048
26	170	1.19048
26	172	1.19048
26	174	1.19048
26	176	1.19048
26	178	1.19048
26	180	1.19048
26	182	1.19048
26	184	1.19048
26	186	1.19048
26	188	1.19048
26	190	1.19073
26	192	1.19709
26	194	1.32138
28	2	25
28	4	25
28	6	25
28	8	25
28	10	25
28	12	25
28	14	25
28	16	25
28	18	25
28	20	25
28	22	25
28	24	25
28	26	25
28	28	25
28	30	25
28	32	25
28	34	25
28	36	25
28	38	25
28	40	25
28	42	25
28	44	25
28	46	25
28	48	25
28	50	25
28	52	25
28	54	25
28	56	25
28	58	25
28	60	25
28	62	25
28	64	25
28	66	25
28	68	25
28	70	25
28	72	25
28	74	25
28	76	25
28	78	25
28	80	25
28	82	25
28	84	25
28	86	25
28	88	25
28	90	24.9999
28	92	24.9969
28	94	24.8938
28	96	22.4862
28	98	8.42158
28	100	1.31362
28	102	1.19685
28	104	1.19072
28	106	1.19048
28	108	1.19048
28	110	1.19048
28	112	1.19048
28	114	1.19048
28	116	1.19048
28	118	1.19048
28	120	1.19048
28	122	1.19048
28	124	1.19048
28	126	1.19048
28	128	1.19048
28	130	1.19048
28	132	1.19048
28	134	1.19048
28	136	1.19048
28	138	1.19048
28	140	1.19048
28	142	1.19048
28	144	1.19048
28	146	1.19048
28	148	1.19048
28	150	1.19048
28	152	1.19048
28	154	1.19048
28	156	1.19048
28	158	1.19048
28	160	1.19048
28	162	1.19048
28	164	1.19048
28	166	1.19048
28	168	1.19048
28	170	1.19048
28	172	1.19048
28	174	1.19048
28	176	1.19048
28	178	1.19048
28	180	1.19048
28	182	1.19048
28	184	1.19048
28	186	1.19048
28	188	1.19048
28	190	1.19073
28	192	1.19709
28	194	1.32138
30	2	25
30	4	25
30	6	25
30	8	25
30	10	25
30	12	25
30	14	25
30	16	25
30	18	25
30	20	25
30	22	25
30	24	25
30	26	25
30	28	25
30	30	25
30	32	25
30	34	25
30	36	25
30	38	25
30	40	25
30	42	25
30	44	25
30	46	25
30	48	25
30	50	25
30	52	25
30	54	25
30	56	25
30	58	25
30	60	25
30	62	25
30	64	25
30	66	25
30	68	25
30	70	25
30	72	25
30	74	25
30	76	25
30	78	25
30	80	25
30	82	25
30	84	25
30	86	25
30	88	25
30	90	24.9999
30	92	24.9969
30	94	24.8938
30	96	22.4862
30	98	8.42158
30	100	1.31362
30	102	1.19685
30	104	1.19072
30	106	1.19048
30	108	1.19048
30	110	1.19048
30	112	1.19048
30	114	1.19048
30	116	1.19048
30	118	1.19048
30	120	1.19048
30	122	1.19048
30	124	1.19048
30	126	1.19048
30	128	1.19048
30	130	1.19048
30	132	1.19048
30	134	1.19048
30	136	1.19048
30	138	1.19048
30	140	1.19048
30	142	1.19048
30	144	1.19048
30	146	1.19048
30	148	1.19048
30	150	1.19048
30	152	1.19048
30	154	1.19048
30	156	1.19048
30	158	1.19048
30	160	1.19048
30	162	1.19048
30	164	1.19048
30	166	1.19048
30	168	1.19048
30	170	1.19048
30	172	1.19048
30	174	1.19048
30	176	1.19048
30	178	1.19048
30	180	1.19048
30	182	1.19048
30	184	1.19048
30	186	1.19048
30	188	1.19048
30	190	1.19073
30	192	1.19709
30	194	1.32138
32	2	25
32	4	25
32	6	25
32	8	25
32	10	25
32	12	25
32	14	25
32	16	25
32	18	25
32	20	25
32	22	25
32	24	25
32	26	25
32	28	25
32	30	25
32	32	25
32	34	25
32	36	25
32	38	25
32	40	25
32	42	25
32	44	25
32	46	25
32	48	25
32	50	25
32	52	25
32	54	25
32	56	25
32	58	25
32	60	25
32	62	25
32	64	25
32	66	25
32	68	25
32	70	25
32	72	25
32	74	25
32	76	25
32	78	25
32	80	25
32	82	25
32	84	25
32	86	25
32	88	25
32	90	24.9999
32	92	24.9969
32	94	24.8938
32	96	22.4862
32	98	8.42158
32	100	1.31362
32	102	1.19685
32	104	1.19072
32	106	1.19048
32	108	1.19048
32	110	1.19048
32	112	1.19048
32	114	1.19048
32	116	1.19048
32	118	1.19048
32	120	1.19048
32	122	1.19048
32	124	1.19048
32	126	1.19048
32	128	1.19048
32	130	1.19048
32	132	1.19048
32	134	1.19048
32	136	1.19048
32	138	1.19048
32	140	1.19048
32	142	1.19048
32	144	1.19048
32	146	1.19048
32	148	1.19048
32	150	1.19048
32	152	1.19048
32	154	1.19048
32	156	1.19048
32	158	1.19048
32	160	1.19048
32	162	1.19048
32	164	1.19048
32	166	1.19048
32	168	1.19048
32	170	1.19048
32	172	1.19048
32	174	1.19048
32	176	1.19048
32	178	1.19048
32	180	1.19048
32	182	1.19048
32	184	1.19048
32	186	1.19048
32	188	1.19048
32	190	1.19073
32	192	1.19709
32	194	1.32138
34	2	25
34	4	25
34	6	25
34	8	25
34	10	25
34	12	25
34	14	25
34	16	25
34	18	25
34	20	25
34	22	25
34	24	25
34	26	25
34	28	25
34	30	25
34	32	25
34	34	25
34	36	25
34	38	25
34	40	25
34	42	25
34	44	25
34	46	25
34	48	25
34	50	25
34	52	25
34	54	25
34	56	25
34	58	25
34	60	25
34	62	25
34	64	25
34	66	25
34	68	25
34	70	25
34	72	25
34	74	25
34	76	25
34	78	25
34	80	25
34	82	25
34	84	25
34	86	25
34	88	25
34	90	24.9999
34	92	24.9969
34	94	24.8938
34	96	22.4862
34	98	8.42158
34	100	1.31362
34	102	1.19685
34	104	1.19072
34	106	1.19048
34	108	1.19048
34	110	1.19048
34	112	1.19048
34	114	1.19048
34	116	1.19048
34	118	1.19048
34	120	1.19048
34	122	1.19048
34	124	1.19048
34	126	1.19048
34	128	1.19048
34	130	1.19048
34	132	1.19048
34	134	1.19048
34	136	1.19048
34	138	1.19048
34	140	1.19048
34	142	1.19048
34	144	1.19048
34	146	1.19048
34	148	1.19048
34	150	1.19048
34	152	1.19048
34	154	1.19048
34	156	1.19048
34	158	1.19048
34	160	1.19048
34	162	1.19048
34	164	1.19048
34	166	1.19048
34	168	1.19048
34	170	1.19048
34	172	1.19048
34	174	1.19048
34	176	1.19048
34	178	1.19048
34	180	1.19048
34	182	1.19048
34	184	1.19048
34	186	1.19048
34	188	1.19048
34	190	1.19073
34	192	1.19709
34	194	1.32138
36	2	25
36	4	25
36	6	25
36	8	25
36	10	25
36	12	25
36	14	25
36	16	25
36	18	25
36	20	25
36	22	25
36	24	25
36	26	25
36	28	25
36	30	25
36	32	25
36	34	25
36	36	25
36	38	25
36	40	25
36	42	25
36	44	25
36	46	25
36	48	25
36	50	25
36	52	25
36	54	25
36	56	25
36	58	25
36	60	25
36	62	25
36	64	25
36	66	25
36	68	25
36	70	25
36	72	25
36	74	25
36	76	25
36	78	25
36	80	25
36	82	25
36	84	25
36	86	25
36	88	25
36	90	24.9999
36	92	24.9969
36	94	24.8938
36	96	22.4862
36	98	8.42158
36	100	1.31362
36	102	1.19685
36	104	1.19072
36	106	1.19048
36	108	1.19048
36	110	1.19048
36	112	1.19048
36	114	1.19048
36	116	1.19048
36	118	1.19048
36	120	1.19048
36	122	1.19048
36	124	1.19048
36	126	1.19048
36	128	1.19048
36	130	1.19048
36	132	1.19048
36	134	1.19048
36	136	1.19048
36	138	1.19048
36	140	1.19048
36	142	1.19048
36	144	1.19048
36	146	1.19048
36	148	1.19048
36	150	1.19048
36	152	1.19048
36	154	1.19048
36	156	1.19048
36	158	1.19048
36	160	1.19048
36	162	1.19048
36	164	1.19048
36	166	1.19048
36	168	1.19048
36	170	1.19048
36	172	1.19048
36	174	1.19048
36	176	1.19048
36	178	1.19048
36	180	1.19048
36	182	1.19048
36	184	1.19048
36	186	1.19048
36	188	1.19048
36	190	1.19073
36	192	1.19709
36	194	1.32138
38	2	25
38	4	25
38	6	25
38	8	25
38	10	25
38	12	25
38	14	25
38	16	25
38	18	25
38	20	25
38	22	25
38	24	25
38	26	25
38	28	25
38	30	25
38	32	25
38	34	25
38	36	25
38	38	25
38	40	25
38	42	25
38	44	25
38	46	25
38	48	25
38	50	25
38	52	25
38	54	25
38	56	25
38	58	25
38	60	25
38	62	25
38	64	25
38	66	25
38	68	25
38	70	25
38	72	25
38	74	25
38	76	25
38	78	25
38	80	25
38	82	25
38	84	25
38	86	25
38	88	25
38	90	24.9999
38	92	24.9969
38	94	24.8938
38	96	22.4862
38	98	8.42158
38	100	1.31362
38	102	1.19685
38	104	1.19072
38	106	1.19048
38	108	1.19048
38	110	1.19048
38	112	1.19048
38	114	1.19048
38	116	1.19048
38	118	1.19048
38	120	1.19048
38	122	1.19048
38	124	1.19048
38	126	1.19048
38	128	1.19048
38	130	1.19048
38	132	1.19048
38	134	1.19048
38	136	1.19048
38	138	1.19048
38	140	1.19048
38	142	1.19048
38	144	1.19048
38	146	1.19048
38	148	1.19048
38	150	1.19048
38	152	1.19048
38	154	1.19048
38	156	1.19048
38	158	1.19048
38	160	1.19048
38	162	1.19048
38	164	1.19048
38	166	1.19048
38	168	1.19048
38	170	1.19048
38	172	1.19048
38	174	1.19048
38	176	1.19048
38	178	1.19048
38	180	1.19048
38	182	1.19048
38	184	1.19048
38	186	1.19048
38	188	1.19048
38	190	1.19073
38	192	1.19709
38	194	1.32138
40	2	24.9999
40	4	24.9999
40	6	24.9999
40	8	24.9999
40	10	24.9999
40	12	24.9999
40	14	24.9999
40	16	24.9999
40	18	24.9999
40	20	24.9999
40	22	24.9999
40	24	24.9999
40	26	24.9999
40	28	24.9999
40	30	24.9999
40	32	24.9999
40	34	24.9999
40	36	24.9999
40	38	24.9999
40	40	24.9999
40	42	24.9999
40	44	24.9999
40	46	24.9999
40	48	24.9999
40	50	24.9999
40	52	24.9999
40	54	24.9999
40	56	24.9999
40	58	24.9999
40	60	24.9999
40	62	24.9999
40	64	24.9999
40	66	24.9999
40	68	24.9999
40	70	24.9999
40	72	24.9999
40	74	24.9999
40	76	24.9999
40	78	24.9999
40	80	24.9999
40	82	24.9999
40	84	24.9999
40	86	24.9999
40	88	24.9999
40	90	24.9999
40	92	24.9969
40	94	24.8937
40	96	22.4861
40	98	8.42157
40	100	1.31362
40	102	1.19685
40	104	1.19072
40	106	1.19048
40	108	1.19048
40	110	1.19048
40	112	1.19048
40	114	1.19048
40	116	1.19048
40	118	1.19048
40	120	1.19048
40	122	1.19048
40	124	1.19048
40	126	1.19048
40	128	1.19048
40	130	1.19048
40	132	1.19048
40	134	1.19048
40	136	1.19048
40	138	1.19048
40	140	1.19048
40	142	1.19048
40	144	1.19048
40	146	1.19048
40	148	1.19048
40	150	1.19048
40	152	1.19048
40	154	1.19048
40	156	1.19048
40	158	1.19048
40	160	1.19048
40	162	1.19048
40	164	1.19048
40	166	1.19048
40	168	1.19048
40	170	1.19048
40	172	1.19048
40	174	1.19048
40	176	1.19048
40	178	1.19048
40	180	1.19048
40	182	1.19048
40	184	1.19048
40	186	1.19048
40	188	1.19048
40	190	1.19073
40	192	1.19709
40	194	1.32138
42	2	24.9973
42	4	24.997
42	6	24.9969
42	8	24.9969
42	10	24.9969
42	12	24.9969
42	14	24.9969
42	16	24.9969
42	18	24.9969
42	20	24.9969
42	22	24.9969
42	24	24.9969
42	26	24.9969
42	28	24.9969
42	30	24.9969
42	32	24.9969
42	34	24.9969
42	36	24.9969
42	38	24.9969
42	40	24.9969
42	42	24.9969
42	44	24.9969
42	46	24.9969
42	48	24.9969
42	50	24.9969
42	52	24.9969
42	54	24.9969
42	56	24.9969
42	58	24.9969
42	60	24.9969
42	62	24.9969
42	64	24.9969
42	66	24.9969
42	68	24.9969
42	70	24.9969
42	72	24.9969
42	74	24.9969
42	76	24.9969
42	78	24.9969
42	80	24.9969
42	82	24.9969
42	84	24.9969
42	86	24.9969
42	88	24.9969
42	90	24.9969
42	92	24.9939
42	94	24.8907
42	96	22.4837
42	98	8.42127
42	100	1.31362
42	102	1.19685
42	104	1.19072
42	106	1.19048
42	108	1.19048
42	110	1.19048
42	112	1.19048
42	114	1.19048
42	116	1.19048
42	118	1.19048
42	120	1.19048
42	122	1.19048
42	124	1.19048
42	126	1.19048
42	128	1.19048
42	130	1.19048
42	132	1.19048
42	134	1.19048
42	136	1.19048
42	138	1.19048
42	140	1.19048
42	142	1.19048
42	144	1.19048
42	146	1.19048
42	148	1.19048
42	150	1.19048
42	152	1.19048
42	154	1.19048
42	156	1.19048
42	158	1.19048
42	160	1.19048
42	162	1.19048
42	164	1.19048
42	166	1.19048
42	168	1.19048
42	170	1.19048
42	172	1.19048
42	174	1.19048
42	176	1.19048
42	178	1.19048
42	180	1.19048
42	182	1.19048
42	184	1.19048
42	186	1.19048
42	188	1.19048
42	190	1.19073
42	192	1.19709
42	194	1.32138
44	2	24.9047
44	4	24.8944
44	6	24.8938
44	8	24.8938
44	10	24.8938
44	12	24.8938
44	14	24.8938
44	16	24.8938
44	18	24.8938
44	20	24.8938
44	22	24.8938
44	24	24.8938
44	26	24.8938
44	28	24.8938
44	30	24.8938
44	32	24.8938
44	34	24.8938
44	36	24.8938
44	38	24.8938
44	40	24.8938
44	42	24.8938
44	44	24.8938
44	46	24.8938
44	48	24.8938
44	50	24.8938
44	52	24.8938
44	54	24.8938
44	56	24.8938
44	58	24.8938
44	60	24.8938
44	62	24.8938
44	64	24.8938
44	66	24.8938
44	68	24.8938
44	70	24.8938
44	72	24.8938
44	74	24.8938
44	76	24.8938
44	78	24.8938
44	80	24.8938
44	82	24.8938
44	84	24.8938
44	86	24.8938
44	88	24.8938
44	90	24.8937
44	92	24.8907
44	94	24.7884
44	96	22.4006
44	98	8.41067
44	100	1.31359
44	102	1.19685
44	104	1.19072
44	106	1.19048
44	108	1.19048
44	110	1.19048
44	112	1.19048
44	114	1.19048
44	116	1.19048
44	118	1.19048
44	120	1.19048
44	122	1.19048
44	124	1.19048
44	126	1.19048
44	128	1.19048
44	130	1.19048
44	132	1.19048
44	134	1.19048
44	136	1.19048
44	138	1.19048
44	140	1.19048
44	142	1.19048
44	144	1.19048
44	146	1.19048
44	148	1.19048
44	150	1.19048
44	152	1.19048
44	154	1.19048
44	156	1.19048
44	158	1.19048
44	160	1.19048
44	162	1.19048
44	164	1.19048
44	166	1.19048
44	168	1.19048
44	170	1.19048
44	172	1.19048
44	174	1.19048
44	176	1.19048
44	178	1.19048
44	180	1.19048
44	182	1.19048
44	184	1.19048
44	186	1.19048
44	188	1.19048
44	190	1.19073
44	192	1.19709
44	194	1.32138
46	2	22.7229
46	4	22.4992
46	6	22.4866
46	8	22.4862
46	10	22.4862
46	12	22.4862
46	14	22.4862
46	16	22.4862
46	18	22.4862
46	20	22.4862
46	22	22.4862
46	24	22.4862
46	26	22.4862
46	28	22.4862
46	30	22.4862
46	32	22.4862
46	34	22.4862
46	36	22.4862
46	38	22.4862
46	40	22.4862
46	42	22.4862
46	44	22.4862
46	46	22.4862
46	48	22.4862
46	50	22.4862
46	52	22.4862
46	54	22.4862
46	56	22.4862
46	58	22.4862
46	60	22.4862
46	62	22.4862
46	64	22.4862
46	66	22.4862
46	68	22.4862
46	70	22.4862
46	72	22.4862
46	74	22.4862
46	76	22.4862
46	78	22.4862
46	80	22.4862
46	82	22.4862
46	84	22.4862
46	86	22.4862
46	88	22.4862
46	90	22.4861
46	92	22.4837
46	94	22.4006
46	96	20.442
46	98	8.14492
46	100	1.31286
46	102	1.19681
46	104	1.19072
46	106	1.19048
46	108	1.19048
46	110	1.19048
46	112	1.19048
46	114	1.19048
46	116	1.19048
46	118	1.19048
46	120	1.19048
46	122	1.19048
46	124	1.19048
46	126	1.19048
46	128	1.19048
46	130	1.19048
46	132	1.19048
46	134	1.19048
46	136	1.19048
46	138	1.19048
46	140	1.19048
46	142	1.19048
46	144	1.19048
46	146	1.19048
46	148	1.19048
46	150	1.19048
46	152	1.19048
46	154	1.19048
46	156	1.19048
46	158	1.19048
46	160	1.19048
46	162	1.19048
46	164	1.19048
46	166	1.19048
46	168	1.19048
46	170	1.19048
46	172	1.19048
46	174	1.19048
46	176	1.19048
46	178	1.19048
46	180	1.19048
46	182	1.19048
46	184	1.19048
46	186	1.19048
46	188	1.19048
46	190	1.19073
46	192	1.19709
46	194	1.32138
48	2	9.04426
48	4	8.45399
48	6	8.4228
48	8	8.42162
48	10	8.42158
48	12	8.42158
48	14	8.42158
48	16	8.42158
48	18	8.42158
48	20	8.42158
48	22	8.42158
48	24	8.42158
48	26	8.42158
48	28	8.42158
48	30	8.42158
48	32	8.42158
48	34	8.42158
48	36	8.42158
48	38	8.42158
48	40	8.42158
48	42	8.42158
48	44	8.42158
48	46	8.42158
48	48	8.42158
48	50	8.42158
48	52	8.42158
48	54	8.42158
48	56	8.42158
48	58	8.42158
48	60	8.42158
48	62	8.42158
48	64	8.42158
48	66	8.42158
48	68	8.42158
48	70	8.42158
48	72	8.42158
48	74	8.42158
48	76	8.42158
48	78	8.42158
48	80	8.42158
48	82	8.42158
48	84	8.42158
48	86	8.42158
48	88	8.42158
48	90	8.42157
48	92	8.42127
48	94	8.41067
48	96	8.14492
48	98	5.27014
48	100	1.3004
48	102	1.19622
48	104	1.19069
48	106	1.19048
48	108	1.19048
48	110	1.19048
48	112	1.19048
48	114	1.19048
48	116	1.19048
48	118	1.19048
48	120	1.19048
48	122	1.19048
48	124	1.19048
48	126	1.19048
48	128	1.19048
48	130	1.19048
48	132	1.19048
48	134	1.19048
48	136	1.19048
48	138	1.19048
48	140	1.19048
48	142	1.19048
48	144	1.19048
48	146	1.19048
48	148	1.19048
48	150	1.19048
48	152	1.19048
48	154	1.19048
48	156	1.19048
48	158	1.19048
48	160	1.19048
48	162	1.19048
48	164	1.19048
48	166	1.19048
48	168	1.19048
48	170	1.19048
48	172	1.19048
48	174	1.19048
48	176	1.19048
48	178	1.19048
48	180	1.19048
48	182	1.19048
48	184	1.19048
48	186	1.19048
48	188	1.19048
48	190	1.19073
48	192	1.19709
48	194	1.32138
50	2	1.45726
50	4	1.32088
50	6	1.31389
50	8	1.31362
50	10	1.31362
50	12	1.31362
50	14	1.31362
50	16	1.31362
50	18	1.31362
50	20	1.31362
50	22	1.31362
50	24	1.31362
50	26	1.31362
50	28	1.31362
50	30	1.31362
50	32	1.31362
50	34	1.31362
50	36	1.31362
50	38	1.31362
50	40	1.31362
50	42	1.31362
50	44	1.31362
50	46	1.31362
50	48	1.31362
50	50	1.31362
50	52	1.31362
50	54	1.31362
50	56	1.31362
50	58	1.31362
50	60	1.31362
50	62	1.31362
50	64	1.31362
50	66	1.31362
50	68	1.31362
50	70	1.31362
50	72	1.31362
50	74	1.31362
50	76	1.31362
50	78	1.31362
50	80	1.31362
50	82	1.31362
50	84	1.31362
50	86	1.31362
50	88	1.31362
50	90	1.31362
50	92	1.31362
50	94	1.31359
50	96	1.31286
50	98	1.3004
50	100	1.20154
50	102	1.1911
50	104	1.1905
50	106	1.19048
50	108	1.19048
50	110	1.19048
50	112	1.19048
50	114	1.19048
50	116	1.19048
50	118	1.19048
50	120	1.19048
50	122	1.19048
50	124	1.19048
50	126	1.19048
50	128	1.19048
50	130	1.19048
50	132	1.19048
50	134	1.19048
50	136	1.19048
50	138	1.19048
50	140	1.19048
50	142	1.19048
50	144	1.19048
50	146	1.19048
50	148	1.19048
50	150	1.19048
50	152	1.19048
50	154	1.19048
50	156	1.19048
50	158	1.19048
50	160	1.19048
50	162	1.19048
50	164	1.19048
50	166	1.19048
50	168	1.19048
50	170	1.19048
50	172	1.19048
50	174	1.19048
50	176	1.19048
50	178	1.19048
50	180	1.19048
50	182	1.19048
50	184	1.19048
50	186	1.19048
50	188	1.19048
50	190	1.19073
50	192	1.19709
50	194	1.32138
52	2	1.32841
52	4	1.2035
52	6	1.1971
52	8	1.19685
52	10	1.19685
52	12	1.19685
52	14	1.19685
52	16	1.19685
52	18	1.19685
52	20	1.19685
52	22	1.19685
52	24	1.19685
52	26	1.19685
52	28	1.19685
52	30	1.19685
52	32	1.19685
52	34	1.19685
52	36	1.19685
52	38	1.19685
52	40	1.19685
52	42	1.19685
52	44	1.19685
52	46	1.19685
52	48	1.19685
52	50	1.19685
52	52	1.19685
52	54	1.19685
52	56	1.19685
52	58	1.19685
52	60	1.19685
52	62	1.19685
52	64	1.19685
52	66	1.19685
52	68	1.19685
52	70	1.19685
52	72	1.19685
52	74	1.19685
52	76	1.19685
52	78	1.19685
52	80	1.19685
52	82	1.19685
52	84	1.19685
52	86	1.19685
52	88	1.19685
52	90	1.19685
52	92	1.19685
52	94	1.19685
52	96	1.19681
52	98	1.19622
52	100	1.1911
52	102	1.19051
52	104	1.19048
52	106	1.19048
52	108	1.19048
52	110	1.19048
52	112	1.19048
52	114	1.19048
52	116	1.19048
52	118	1.19048
52	120	1.19048
52	122	1.19048
52	124	1.19048
52	126	1.19048
52	128	1.19048
52	130	1.19048
52	132	1.19048
52	134	1.19048
52	136	1.19048
52	138	1.19048
52	140	1.19048
52	142	1.19048
52	144	1.19048
52	146	1.19048
52	148	1.19048
52	150	1.19048
52	152	1.19048
52	154	1.19048
52	156	1.19048
52	158	1.19048
52	160	1.19048
52	162	1.19048
52	164	1.19048
52	166	1.19048
52	168	1.19048
52	170	1.19048
52	172	1.19048
52	174	1.19048
52	176	1.19048
52	178	1.19048
52	180	1.19048
52	182	1.19048
52	184	1.19048
52	186	1.19048
52	188	1.19048
52	190	1.19073
52	192	1.19709
52	194	1.32138
54	2	1.32165
54	4	1.19734
54	6	1.19097
54	8	1.19073
54	10	1.19072
54	12	1.19072
54	14	1.19072
54	16	1.19072
54	18	1.19072
54	20	1.19072
54	22	1.19072
54	24	1.19072
54	26	1.19072
54	28	1.19072
54	30	1.19072
54	32	1.19072
54	34	1.19072
54	36	1.19072
54	38	1.19072
54	40	1.19072
54	42	1.19072
54	44	1.19072
54	46	1.19072
54	48	1.19072
54	50	1.19072
54	52	1.19072
54	54	1.19072
54	56	1.19072
54	58	1.19072
54	60	1.19072
54	62	1.19072
54	64	1.19072
54	66	1.19072
54	68	1.19072
54	70	1.19072
54	72	1.19072
54	74	1.19072
54	76	1.19072
54	78	1.19072
54	80	1.19072
54	82	1.19072
54	84	1.19072
54	86	1.19072
54	88	1.19072
54	90	1.19072
54	92	1.19072
54	94	1.19072
54	96	1.19072
54	98	1.19069
54	100	1.1905
54	102	1.19048
54	104	1.19048
54	106	1.19048
54	108	1.19048
54	110	1.19048
54	112	1.19048
54	114	1.19048
54	116	1.19048
54	118	1.19048
54	120	1.19048
54	122	1.19048
54	124	1.19048
54	126	1.19048
54	128	1.19048
54	130	1.19048
54	132	1.19048
54	134	1.19048
54	136	1.19048
54	138	1.19048
54	140	1.19048
54	142	1.19048
54	144	1.19048
54	146	1.19048
54	148	1.19048
54	150	1.19048
54	152	1.19048
54	154	1.19048
54	156	1.19048
54	158	1.19048
54	160	1.19048
54	162	1.19048
54	164	1.19048
54	166	1.19048
54	168	1.19048
54	170	1.19048
54	172	1.19048
54	174	1.19048
54	176	1.19048
54	178	1.19048
54	180	1.19048
54	182	1.19048
54	184	1.19048
54	186	1.19048
54	188	1.19048
54	190	1.19073
54	192	1.19709
54	194	1.32138
56	2	1.32139
56	4	1.1971
56	6	1.19073
56	8	1.19049
56	10	1.19048
56	12	1.19048
56	14	1.19048
56	16	1.19048
56	18	1.19048
56	20	1.19048
56	22	1.19048
56	24	1.19048
56	26	1.19048
56	28	1.19048
56	30	1.19048
56	32	1.19048
56	34	1.19048
56	36	1.19048
56	38	1.19048
56	40	1.19048
56	42	1.19048
56	44	1.19048
56	46	1.19048
56	48	1.19048
56	50	1.19048
56	52	1.19048
56	54	1.19048
56	56	1.19048
56	58	1.19048
56	60	1.19048
56	62	1.19048
56	64	1.19048
56	66	1.19048
56	68	1.19048
56	70	1.19048
56	72	1.19048
56	74	1.19048
56	76	1.19048
56	78	1.19048
56	80	1.19048
56	82	1.19048
56	84	1.19048
56	86	1.19048
56	88	1.19048
56	90	1.19048
56	92	1.19048
56	94	1.19048
56	96	1.19048
56	98	1.19048
56	100	1.19048
56	102	1.19048
56	104	1.19048
56	106	1.19048
56	108	1.19048
56	110	1.19048
56	112	1.19048
56	114	1.19048
56	116	1.19048
56	118	1.19048
56	120	1.19048
56	122	1.19048
56	124	1.19048
56	126	1.19048
56	128	1.19048
56	130	1.19048
56	132	1.19048
56	134	1.19048
56	136	1.19048
56	138	1.19048
56	140	1.19048
56	142	1.19048
56	144	1.19048
56	146	1.19048
56	148	1.19048
56	150	1.19048
56	152	1.19048
56	154	1.19048
56	156	1.19048
56	158	1.19048
56	160	1.19048
56	162	1.19048
56	164	1.19048
56	166	1.19048
56	168	1.19048
56	170	1.19048
56	172	1.19048
56	174	1.19048
56	176	1.19048
56	178	1.19048
56	180	1.19048
56	182	1.19048
56	184	1.19048
56	186	1.19048
56	188	1.19048
56	190	1.19073
56	192	1.19709
56	194	1.32138
58	2	1.32138
58	4	1.19709
58	6	1.19073
58	8	1.19048
58	10	1.19048
58	12	1.19048
58	14	1.19048
58	16	1.19048
58	18	1.19048
58	20	1.19048
58	22	1.19048
58	24	1.19048
58	26	1.19048
58	28	1.19048
58	30	1.19048
58	32	1.19048
58	34	1.19048
58	36	1.19048
58	38	1.19048
58	40	1.19048
58	42	1.19048
58	44	1.19048
58	46	1.19048
58	48	1.19048
58	50	1.19048
58	52	1.19048
58	54	1.19048
58	56	1.19048
58	58	1.19048
58	60	1.19048
58	62	1.19048
58	64	1.19048
58	66	1.19048
58	68	1.19048
58	70	1.19048
58	72	1.19048
58	74	1.19048
58	76	1.19048
58	78	1.19048
58	80	1.19048
58	82	1.19048
58	84	1.19048
58	86	1.19048
58	88	1.19048
58	90	1.19048
58	92	1.19048
58	94	1.19048
58	96	1.19048
58	98	1.19048
58	100	1.19048
58	102	1.19048
58	104	1.19048
58	106	1.19048
58	108	1.19048
58	110	1.19048
58	112	1.19048
58	114	1.19048
58	116	1.19048
58	118	1.19048
58	120	1.19048
58	122	1.19048
58	124	1.19048
58	126	1.19048
58	128	1.19048
58	130	1.19048
58	132	1.19048
58	134	1.19048
58	136	1.19048
58	138	1.19048
58	140	1.19048
58	142	1.19048
58	144	1.19048
58	146	1.19048
58	148	1.19048
58	150	1.19048
58	152	1.19048
58	154	1.19048
58	156	1.19048
58	158	1.19048
58	160	1.19048
58	162	1.19048
58	164	1.19048
58	166	1.19048
58	168	1.19048
58	170	1.19048
58	172	1.19048
58	174	1.19048
58	176	1.19048
58	178	1.19048
58	180	1.19048
58	182	1.19048
58	184	1.19048
58	186	1.19048
58	188	1.19048
58	190	1.19073
58	192	1.19709
58	194	1.32138
60	2	1.32138
60	4	1.19709
60	6	1.19073
60	8	1.19048
60	10	1.19048
60	12	1.19048
60	14	1.19048
60	16	1.19048
60	18	1.19048
60	20	1.19048
60	22	1.19048
60	24	1.19048
60	26	1.19048
60	28	1.19048
60	30	1.19048
60	32	1.19048
60	34	1.19048
60	36	1.19048
60	38	1.19048
60	40	1.19048
60	42	1.19048
60	44	1.19048
60	46	1.19048
60	48	1.19048
60	50	1.19048
60	52	1.19048
60	54	1.19048
60	56	1.19048
60	58	1.19048
60	60	1.19048
60	62	1.19048
60	64	1.19048
60	66	1.19048
60	68	1.19048
60	70	1.19048
60	72	1.19048
60	74	1.19048
60	76	1.19048
60	78	1.19048
60	80	1.19048
60	82	1.19048
60	84	1.19048
60	86	1.19048
60	88	1.19048
60	90	1.19048
60	92	1.19048
60	94	1.19048
60	96	1.19048
60	98	1.19048
60	100	1.19048
60	102	1.19048
60	104	1.19048
60	106	1.19048
60	108	1.19048
60	110	1.19048
60	112	1.19048
60	114	1.19048
60	116	1.19048
60	118	1.19048
60	120	1.19048
60	122	1.19048
60	124	1.19048
60	126	1.19048
60	128	1.19048
60	130	1.19048
60	132	1.19048
60	134	1.19048
60	136	1.19048
60	138	1.19048
60	140	1.19048
60	142	1.19048
60	144	1.19048
60	146	1.19048
60	148	1.19048
60	150	1.19048
60	152	1.19048
60	154	1.19048
60	156	1.19048
60	158	1.19048
60	160	1.19048
60	162	1.19048
60	164	1.19048
60	166	1.19048
60	168	1.19048
60	170	1.19048
60	172	1.19048
60	174	1.19048
60	176	1.19048
60	178	1.19048
60	180	1.19048
60	182	1.19048
60	184	1.19048
60	186	1.19048
60	188	1.19048
60	190	1.19073
60	192	1.19709
60	194	1.32138
62	2	1.32138
62	4	1.19709
62	6	1.19073
62	8	1.19048
62	10	1.19048
62	12	1.19048
62	14	1.19048
62	16	1.19048
62	18	1.19048
62	20	1.19048
62	22	1.19048
62	24	1.19048
62	26	1.19048
62	28	1.19048
62	30	1.19048
62	32	1.19048
62	34	1.19048
62	36	1.19048
62	38	1.19048
62	40	1.19048
62	42	1.19048
62	44	1.19048
62	46	1.19048
62	48	1.19048
62	50	1.19048
62	52	1.19048
62	54	1.19048
62	56	1.19048
62	58	1.19048
62	60	1.19048
62	62	1.19048
62	64	1.19048
62	66	1.19048
62	68	1.19048
62	70	1.19048
62	72	1.19048
62	74	1.19048
62	76	1.19048
62	78	1.19048
62	80	1.19048
62	82	1.19048
62	84	1.19048
62	86	1.19048
62	88	1.19048
62	90	1.19048
62	92	1.19048
62	94	1.19048
62	96	1.19048
62	98	1.19048
62	100	1.19048
62	102	1.19048
62	104	1.19048
62	106	1.19048
62	108	1.19048
62	110	1.19048
62	112	1.19048
62	114	1.19048
62	116	1.19048
62	118	1.19048
62	120	1.19048
62	122	1.19048
62	124	1.19048
62	126	1.19048
62	128	1.19048
62	130	1.19048
62	132	1.19048
62	134	1.19048
62	136	1.19048
62	138	1.19048
62	140	1.19048
62	142	1.19048
62	144	1.19048
62	146	1.19048
62	148	1.19048
62	150	1.19048
62	152	1.19048
62	154	1.19048
62	156	1.19048
62	158	1.19048
62	160	1.19048
62	162	1.19048
62	164	1.19048
62	166	1.19048
62	168	1.19048
62	170	1.19048
62	172	1.19048
62	174	1.19048
62	176	1.19048
62	178	1.19048
62	180	1.19048
62	182	1.19048
62	184	1.19048
62	186	1.19048
62	188	1.19048
62	190	1.19073
62	192	1.19709
62	194	1.32138
64	2	1.32138
64	4	1.19709
64	6	1.19073
64	8	1.19048
64	10	1.19048
64	12	1.19048
64	14	1.19048
64	16	1.19048
64	18	1.19048
64	20	1.19048
64	22	1.19048
64	24	1.19048
64	26	1.19048
64	28	1.19048
64	30	1.19048
64	32	1.19048
64	34	1.19048
64	36	1.19048
64	38	1.19048
64	40	1.19048
64	42	1.19048
64	44	1.19048
64	46	1.19048
64	48	1.19048
64	50	1.19048
64	52	1.19048
64	54	1.19048
64	56	1.19048
64	58	1.19048
64	60	1.19048
64	62	1.19048
64	64	1.19048
64	66	1.19048
64	68	1.19048
64	70	1.19048
64	72	1.19048
64	74	1.19048
64	76	1.19048
64	78	1.19048
64	80	1.19048
64	82	1.19048
64	84	1.19048
64	86	1.19048
64	88	1.19048
64	90	1.19048
64	92	1.19048
64	94	1.19048
64	96	1.19048
64	98	1.19048
64	100	1.19048
64	102	1.19048
64	104	1.19048
64	106	1.19048
64	108	1.19048
64	110	1.19048
64	112	1.19048
64	114	1.19048
64	116	1.19048
64	118	1.19048
64	120	1.19048
64	122	1.19048
64	124	1.19048
64	126	1.19048
64	128	1.19048
64	130	1.19048
64	132	1.19048
64	134	1.19048
64	136	1.19048
64	138	1.19048
64	140	1.19048
64	142	1.19048
64	144	1.19048
64	146	1.19048
64	148	1.19048
64	150	1.19048
64	152	1.19048
64	154	1.19048
64	156	1.19048
64	158	1.19048
64	160	1.19048
64	162	1.19048
64	164	1.19048
64	166	1.19048
64	168	1.19048
64	170	1.19048
64	172	1.19048
64	174	1.19048
64	176	1.19048
64	178	1.19048
64	180	1.19048
64	182	1.19048
64	184	1.19048
64	186	1.19048
64	188	1.19048
64	190	1.19073
64	192	1.19709
64	194	1.32138
66	2	1.32138
66	4	1.19709
66	6	1.19073
66	8	1.19048
66	10	1.19048
66	12	1.19048
66	14	1.19048
66	16	1.19048
66	18	1.19048
66	20	1.19048
66	22	1.19048
66	24	1.19048
66	26	1.19048
66	28	1.19048
66	30	1.19048
66	32	1.19048
66	34	1.19048
66	36	1.19048
66	38	1.19048
66	40	1.19048
66	42	1.19048
66	44	1.19048
66	46	1.19048
66	48	1.19048
66	50	1.19048
66	52	1.19048
66	54	1.19048
66	56	1.19048
66	58	1.19048
66	60	1.19048
66	62	1.19048
66	64	1.19048
66	66	1.19048
66	68	1.19048
66	70	1.19048
66	72	1.19048
66	74	1.19048
66	76	1.19048
66	78	1.19048
66	80	1.19048
66	82	1.19048
66	84	1.19048
66	86	1.19048
66	88	1.19048
66	90	1.19048
66	92	1.19048
66	94	1.19048
66	96	1.19048
66	98	1.19048
66	100	1.19048
66	102	1.19048
66	104	1.19048
66	106	1.19048
66	108	1.19048
66	110	1.19048
66	112	1.19048
66	114	1.19048
66	116	1.19048
66	118	1.19048
66	120	1.19048
66	122	1.19048
66	124	1.19048
66	126	1.19048
66	128	1.19048
66	130	1.19048
66	132	1.19048
66	134	1.19048
66	136	1.19048
66	138	1.19048
66	140	1.19048
66	142	1.19048
66	144	1.19048
66	146	1.19048
66	148	1.19048
66	150	1.19048
66	152	1.19048
66	154	1.19048
66	156	1.19048
66	158	1.19048
66	160	1.19048
66	162	1.19048
66	164	1.19048
66	166	1.19048
66	168	1.19048
66	170	1.19048
66	172	1.19048
66	174	1.19048
66	176	1.19048
66	178	1.19048
66	180	1.19048
66	182	1.19048
66	184	1.19048
66	186	1.19048
66	188	1.19048
66	190	1.19073
66	192	1.19709
66	194	1.32138
68	2	1.32138
68	4	1.19709
68	6	1.19073
68	8	1.19048
68	10	1.19048
68	12	1.19048
68	14	1.19048
68	16	1.19048
68	18	1.19048
68	20	1.19048
68	22	1.19048
68	24	1.19048
68	26	1.19048
68	28	1.19048
68	30	1.19048
68	32	1.19048
68	34	1.19048
68	36	1.19048
68	38	1.19048
68	40	1.19048
68	42	1.19048
68	44	1.19048
68	46	1.19048
68	48	1.19048
68	50	1.19048
68	52	1.19048
68	54	1.19048
68	56	1.19048
68	58	1.19048
68	60	1.19048
68	62	1.19048
68	64	1.19048
68	66	1.19048
68	68	1.19048
68	70	1.19048
68	72	1.19048
68	74	1.19048
68	76	1.19048
68	78	1.19048
68	80	1.19048
68	82	1.19048
68	84	1.19048
68	86	1.19048
68	88	1.19048
68	90	1.19048
68	92	1.19048
68	94	1.19048
68	96	1.19048
68	98	1.19048
68	100	1.19048
68	102	1.19048
68	104	1.19048
68	106	1.19048
68	108	1.19048
68	110	1.19048
68	112	1.19048
68	114	1.19048
68	116	1.19048
68	118	1.19048
68	120	1.19048
68	122	1.19048
68	124	1.19048
68	126	1.19048
68	128	1.19048
68	130	1.19048
68	132	1.19048
68	134	1.19048
68	136	1.19048
68	138	1.19048
68	140	1.19048
68	142	1.19048
68	144	1.19048
68	146	1.19048
68	148	1.19048
68	150	1.19048
68	152	1.19048
68	154	1.19048
68	156	1.19048
68	158	1.19048
68	160	1.19048
68	162	1.19048
68	164	1.19048
68	166	1.19048
68	168	1.19048
68	170	1.19048
68	172	1.19048
68	174	1.19048
68	176	1.19048
68	178	1.19048
68	180	1.19048
68	182	1.19048
68	184	1.19048
68	186	1.19048
68	188	1.19048
68	190	1.19073
68	192	1.19709
68	194	1.32138
70	2	1.32138
70	4	1.19709
70	6	1.19073
70	8	1.19048
70	10	1.19048
70	12	1.19048
70	14	1.19048
70	16	1.19048
70	18	1.19048
70	20	1.19048
70	22	1.19048
70	24	1.19048
70	26	1.19048
70	28	1.19048
70	30	1.19048
70	32	1.19048
70	34	1.19048
70	36	1.19048
70	38	1.19048
70	40	1.19048
70	42	1.19048
70	44	1.19048
70	46	1.19048
70	48	1.19048
70	50	1.19048
70	52	1.19048
70	54	1.19048
70	56	1.19048
70	58	1.19048
70	60	1.19048
70	62	1.19048
70	64	1.19048
70	66	1.19048
70	68	1.19048
70	70	1.19048
70	72	1.19048
70	74	1.19048
70	76	1.19048
70	78	1.19048
70	80	1.19048
70	82	1.19048
70	84	1.19048
70	86	1.19048
70	88	1.19048
70	90	1.19048
70	92	1.19048
70	94	1.19048
70	96	1.19048
70	98	1.19048
70	100	1.19048
70	102	1.19048
70	104	1.19048
70	106	1.19048
70	108	1.19048
70	110	1.19048
70	112	1.19048
70	114	1.19048
70	116	1.19048
70	118	1.19048
70	120	1.19048
70	122	1.19048
70	124	1.19048
70	126	1.19048
70	128	1.19048
70	130	1.19048
70	132	1.19048
70	134	1.19048
70	136	1.19048
70	138	1.19048
70	140	1.19048
70	142	1.19048
70	144	1.19048
70	146	1.19048
70	148	1.19048
70	150	1.19048
70	152	1.19048
70	154	1.19048
70	156	1.19048
70	158	1.19048
70	160	1.19048
70	162	1.19048
70	164	1.19048
70	166	1.19048
70	168	1.19048
70	170	1.19048
70	172	1.19048
70	174	1.19048
70	176	1.19048
70	178	1.19048
70	180	1.19048
70	182	1.19048
70	184	1.19048
70	186	1.19048
70	188	1.19048
70	190	1.19073
70	192	1.19709
70	194	1.32138
72	2	1.32138
72	4	1.19709
72	6	1.19073
72	8	1.19048
72	10	1.19048
72	12	1.19048
72	14	1.19048
72	16	1.19048
72	18	1.19048
72	20	1.19048
72	22	1.19048
72	24	1.19048
72	26	1.19048
72	28	1.19048
72	30	1.19048
72	32	1.19048
72	34	1.19048
72	36	1.19048
72	38	1.19048
72	40	1.19048
72	42	1.19048
72	44	1.19048
72	46	1.19048
72	48	1.19048
72	50	1.19048
72	52	1.19048
72	54	1.19048
72	56	1.19048
72	58	1.19048
72	60	1.19048
72	62	1.19048
72	64	1.19048
72	66	1.19048
72	68	1.19048
72	70	1.19048
72	72	1.19048
72	74	1.19048
72	76	1.19048
72	78	1.19048
72	80	1.19048
72	82	1.19048
72	84	1.19048
72	86	1.19048
72	88	1.19048
72	90	1.19048
72	92	1.19048
72	94	1.19048
72	96	1.19048
72	98	1.19048
72	100	1.19048
72	102	1.19048
72	104	1.19048
72	106	1.19048
72	108	1.19048
72	110	1.19048
72	112	1.19048
72	114	1.19048
72	116	1.19048
72	118	1.19048
72	120	1.19048
72	122	1.19048
72	124	1.19048
72	126	1.19048
72	128	1.19048
72	130	1.19048
72	132	1.19048
72	134	1.19048
72	136	1.19048
72	138	1.19048
72	140	1.19048
72	142	1.19048
72	144	1.19048
72	146	1.19048
72	148	1.19048
72	150	1.19048
72	152	1.19048
72	154	1.19048
72	156	1.19048
72	158	1.19048
72	160	1.19048
72	162	1.19048
72	164	1.19048
72	166	1.19048
72	168	1.19048
72	170	1.19048
72	172	1.19048
72	174	1.19048
72	176	1.19048
72	178	1.19048
72	180	1.19048
72	182	1.19048
72	184	1.19048
72	186	1.19048
72	188	1.19048
72	190	1.19073
72	192	1.19709
72	194	1.32138
74	2	1.32138
74	4	1.19709
74	6	1.19073
74	8	1.19048
74	10	1.19048
74	12	1.19048
74	14	1.19048
74	16	1.19048
74	18	1.19048
74	20	1.19048
74	22	1.19048
74	24	1.19048
74	26	1.19048
74	28	1.19048
74	30	1.19048
74	32	1.19048
74	34	1.19048
74	36	1.19048
74	38	1.19048
74	40	1.19048
74	42	1.19048
74	44	1.19048
74	46	1.19048
74	48	1.19048
74	50	1.19048
74	52	1.19048
74	54	1.19048
74	56	1.19048
74	58	1.19048
74	60	1.19048
74	62	1.19048
74	64	1.19048
74	66	1.19048
74	68	1.19048
74	70	1.19048
74	72	1.19048
74	74	1.19048
74	76	1.19048
74	78	1.19048
74	80	1.19048
74	82	1.19048
74	84	1.19048
74	86	1.19048
74	88	1.19048
74	90	1.19048
74	92	1.19048
74	94	1.19048
74	96	1.19048
74	98	1.19048
74	100	1.19048
74	102	1.19048
74	104	1.19048
74	106	1.19048
74	108	1.19048
74	110	1.19048
74	112	1.19048
74	114	1.19048
74	116	1.19048
74	118	1.19048
74	120	1.19048
74	122	1.19048
74	124	1.19048
74	126	1.19048
74	128	1.19048
74	130	1.19048
74	132	1.19048
74	134	1.19048
74	136	1.19048
74	138	1.19048
74	140	1.19048
74	142	1.19048
74	144	1.19048
74	146	1.19048
74	148	1.19048
74	150	1.19048
74	152	1.19048
74	154	1.19048
74	156	1.19048
74	158	1.19048
74	160	1.19048
74	162	1.19048
74	164	1.19048
74	166	1.19048
74	168	1.19048
74	170	1.19048
74	172	1.19048
74	174	1.19048
74	176	1.19048
74	178	1.19048
74	180	1.19048
74	182	1.19048
74	184	1.19048
74	186	1.19048
74	188	1.19048
74	190	1.19073
74	192	1.19709
74	194	1.32138
76	2	1.32138
76	4	1.19709
76	6	1.19073
76	8	1.19048
76	10	1.19048
76	12	1.19048
76	14	1.19048
76	16	1.19048
76	18	1.19048
76	20	1.19048
76	22	1.19048
76	24	1.19048
76	26	1.19048
76	28	1.19048
76	30	1.19048
76	32	1.19048
76	34	1.19048
76	36	1.19048
76	38	1.19048
76	40	1.19048
76	42	1.19048
76	44	1.19048
76	46	1.19048
76	48	1.19048
76	50	1.19048
76	52	1.19048
76	54	1.19048
76	56	1.19048
76	58	1.19048
76	60	1.19048
76	62	1.19048
76	64	1.19048
76	66	1.19048
76	68	1.19048
76	70	1.19048
76	72	1.19048
76	74	1.19048
76	76	1.19048
76	78	1.19048
76	80	1.19048
76	82	1.19048
76	84	1.19048
76	86	1.19048
76	88	1.19048
76	90	1.19048
76	92	1.19048
76	94	1.19048
76	96	1.19048
76	98	1.19048
76	100	1.19048
76	102	1.19048
76	104	1.19048
76	106	1.19048
76	108	1.19048
76	110	1.19048
76	112	1.19048
76	114	1.19048
76	116	1.19048
76	118	1.19048
76	120	1.19048
76	122	1.19048
76	124	1.19048
76	126	1.19048
76	128	1.19048
76	130	1.19048
76	132	1.19048
76	134	1.19048
76	136	1.19048
76	138	1.19048
76	140	1.19048
76	142	1.19048
76	144	1.19048
76	146	1.19048
76	148	1.19048
76	150	1.19048
76	152	1.19048
76	154	1.19048
76	156	1.19048
76	158	1.19048
76	160	1.19048
76	162	1.19048
76	164	1.19048
76	166	1.19048
76	168	1.19048
76	170	1.19048
76	172	1.19048
76	174	1.19048
76	176	1.19048
76	178	1.19048
76	180	1.19048
76	182	1.19048
76	184	1.19048
76	186	1.19048
76	188	1.19048
76	190	1.19073
76	192	1.19709
76	194	1.32138
78	2	1.32138
78	4	1.19709
78	6	1.19073
78	8	1.19048
78	10	1.19048
78	12	1.19048
78	14	1.19048
78	16	1.19048
78	18	1.19048
78	20	1.19048
78	22	1.19048
78	24	1.19048
78	26	1.19048
78	28	1.19048
78	30	1.19048
78	32	1.19048
78	34	1.19048
78	36	1.19048
78	38	1.19048
78	40	1.19048
78	42	1.19048
78	44	1.19048
78	46	1.19048
78	48	1.19048
78	50	1.19048
78	52	1.19048
78	54	1.19048
78	56	1.19048
78	58	1.19048
78	60	1.19048
78	62	1.19048
78	64	1.19048
78	66	1.19048
78	68	1.19048
78	70	1.19048
78	72	1.19048
78	74	1.19048
78	76	1.19048
78	78	1.19048
78	80	1.19048
78	82	1.19048
78	84	1.19048
78	86	1.19048
78	88	1.19048
78	90	1.19048
78	92	1.19048
78	94	1.19048
78	96	1.19048
78	98	1.19048
78	100	1.19048
78	102	1.19048
78	104	1.19048
78	106	1.19048
78	108	1.19048
78	110	1.19048
78	112	1.19048
78	114	1.19048
78	116	1.19048
78	118	1.19048
78	120	1.19048
78	122	1.19048
78	124	1.19048
78	126	1.19048
78	128	1.19048
78	130	1.19048
78	132	1.19048
78	134	1.19048
78	136	1.19048
78	138	1.19048
78	140	1.19048
78	142	1.19048
78	144	1.19048
78	146	1.19048
78	148	1.19048
78	150	1.19048
78	152	1.19048
78	154	1.19048
78	156	1.19048
78	158	1.19048
78	160	1.19048
78	162	1.19048
78	164	1.19048
78	166	1.19048
78	168	1.19048
78	170	1.19048
78	172	1.19048
78	174	1.19048
78	176	1.19048
78	178	1.19048
78	180	1.19048
78	182	1.19048
78	184	1.19048
78	186	1.19048
78	188	1.19048
78	190	1.19073
78	192	1.19709
78	194	1.32138
80	2	1.32138
80	4	1.19709
80	6	1.19073
80	8	1.19048
80	10	1.19048
80	12	1.19048
80	14	1.19048
80	16	1.19048
80	18	1.19048
80	20	1.19048
80	22	1.19048
80	24	1.19048
80	26	1.19048
80	28	1.19048
80	30	1.19048
80	32	1.19048
80	34	1.19048
80	36	1.19048
80	38	1.19048
80	40	1.19048
80	42	1.19048
80	44	1.19048
80	46	1.19048
80	48	1.19048
80	50	1.19048
80	52	1.19048
80	54	1.19048
80	56	1.19048
80	58	1.19048
80	60	1.19048
80	62	1.19048
80	64	1.19048
80	66	1.19048
80	68	1.19048
80	70	1.19048
80	72	1.19048
80	74	1.19048
80	76	1.19048
80	78	1.19048
80	80	1.19048
80	82	1.19048
80	84	1.19048
80	86	1.19048
80	88	1.19048
80	90	1.19048
80	92	1.19048
80	94	1.19048
80	96	1.19048
80	98	1.19048
80	100	1.19048
80	102	1.19048
80	104	1.19048
80	106	1.19048
80	108	1.19048
80	110	1.19048
80	112	1.19048
80	114	1.19048
80	116	1.19048
80	118	1.19048
80	120	1.19048
80	122	1.19048
80	124	1.19048
80	126	1.19048
80	128	1.19048
80	130	1.19048
80	132	1.19048
80	134	1.19048
80	136	1.19048
80	138	1.19048
80	140	1.19048
80	142	1.19048
80	144	1.19048
80	146	1.19048
80	148	1.19048
80	150	1.19048
80	152	1.19048
80	154	1.19048
80	156	1.19048
80	158	1.19048
80	160	1.19048
80	162	1.19048
80	164	1.19048
80	166	1.19048
80	168	1.19048
80	170	1.19048
80	172	1.19048
80	174	1.19048
80	176	1.19048
80	178	1.19048
80	180	1.19048
80	182	1.19048
80	184	1.19048
80	186	1.19048
80	188	1.19048
80	190	1.19073
80	192	1.19709
80	194	1.32138
82	2	1.32138
82	4	1.19709
82	6	1.19073
82	8	1.19048
82	10	1.19048
82	12	1.19048
82	14	1.19048
82	16	1.19048
82	18	1.19048
82	20	1.19048
82	22	1.19048
82	24	1.19048
82	26	1.19048
82	28	1.19048
82	30	1.19048
82	32	1.19048
82	34	1.19048
82	36	1.19048
82	38	1.19048
82	40	1.19048
82	42	1.19048
82	44	1.19048
82	46	1.19048
82	48	1.19048
82	50	1.19048
82	52	1.19048
82	54	1.19048
82	56	1.19048
82	58	1.19048
82	60	1.19048
82	62	1.19048
82	64	1.19048
82	66	1.19048
82	68	1.19048
82	70	1.19048
82	72	1.19048
82	74	1.19048
82	76	1.19048
82	78	1.19048
82	80	1.19048
82	82	1.19048
82	84	1.19048
82	86	1.19048
82	88	1.19048
82	90	1.19048
82	92	1.19048
82	94	1.19048
82	96	1.19048
82	98	1.19048
82	100	1.19048
82	102	1.19048
82	104	1.19048
82	106	1.19048
82	108	1.19048
82	110	1.19048
82	112	1.19048
82	114	1.19048
82	116	1.19048
82	118	1.19048
82	120	1.19048
82	122	1.19048
82	124	1.19048
82	126	1.19048
82	128	1.19048
82	130	1.19048
82	132	1.19048
82	134	1.19048
82	136	1.19048
82	138	1.19048
82	140	1.19048
82	142	1.19048
82	144	1.19048
82	146	1.19048
82	148	1.19048
82	150	1.19048
82	152	1.19048
82	154	1.19048
82	156	1.19048
82	158	1.19048
82	160	1.19048
82	162	1.19048
82	164	1.19048
82	166	1.19048
82	168	1.19048
82	170	1.19048
82	172	1.19048
82	174	1.19048
82	176	1.19048
82	178	1.19048
82	180	1.19048
82	182	1.19048
82	184	1.19048
82	186	1.19048
82	188	1.19048
82	190	1.19073
82	192	1.19709
82	194	1.32138
84	2	1.32138
84	4	1.19709
84	6	1.19073
84	8	1.19048
84	10	1.19048
84	12	1.19048
84	14	1.19048
84	16	1.19048
84	18	1.19048
84	20	1.19048
84	22	1.19048
84	24	1.19048
84	26	1.19048
84	28	1.19048
84	30	1.19048
84	32	1.19048
84	34	1.19048
84	36	1.19048
84	38	1.19048
84	40	1.19048
84	42	1.19048
84	44	1.19048
84	46	1.19048
84	48	1.19048
84	50	1.19048
84	52	1.19048
84	54	1.19048
84	56	1.19048
84	58	1.19048
84	60	1.19048
84	62	1.19048
84	64	1.19048
84	66	1.19048
84	68	1.19048
84	70	1.19048
84	72	1.19048
84	74	1.19048
84	76	1.19048
84	78	1.19048
84	80	1.19048
84	82	1.19048
84	84	1.19048
84	86	1.19048
84	88	1.19048
84	90	1.19048
84	92	1.19048
84	94	1.19048
84	96	1.19048
84	98	1.19048
84	100	1.19048
84	102	1.19048
84	104	1.19048
84	106	1.19048
84	108	1.19048
84	110	1.19048
84	112	1.19048
84	114	1.19048
84	116	1.19048
84	118	1.19048
84	120	1.19048
84	122	1.19048
84	124	1.19048
84	126	1.19048
84	128	1.19048
84	130	1.19048
84	132	1.19048
84	134	1.19048
84	136	1.19048
84	138	1.19048
84	140	1.19048
84	142	1.19048
84	144	1.19048
84	146	1.19048
84	148	1.19048
84	150	1.19048
84	152	1.19048
84	154	1.19048
84	156	1.19048
84	158	1.19048
84	160	1.19048
84	162	1.19048
84	164	1.19048
84	166	1.19048
84	168	1.19048
84	170	1.19048
84	172	1.19048
84	174	1.19048
84	176	1.19048
84	178	1.19048
84	180	1.19048
84	182	1.19048
84	184	1.19048
84	186	1.19048
84	188	1.19048
84	190	1.19073
84	192	1.19709
84	194	1.32138
86	2	1.32138
86	4	1.19709
86	6	1.19073
86	8	1.19048
86	10	1.19048
86	12	1.19048
86	14	1.19048
86	16	1.19048
86	18	1.19048
86	20	1.19048
86	22	1.19048
86	24	1.19048
86	26	1.19048
86	28	1.19048
86	30	1.19048
86	32	1.19048
86	34	1.19048
86	36	1.19048
86	38	1.19048
86	40	1.19048
86	42	1.19048
86	44	1.19048
86	46	1.19048
86	48	1.19048
86	50	1.19048
86	52	1.19048
86	54	1.19048
86	56	1.19048
86	58	1.19048
86	60	1.19048
86	62	1.19048
86	64	1.19048
86	66	1.19048
86	68	1.19048
86	70	1.19048
86	72	1.19048
86	74	1.19048
86	76	1.19048
86	78	1.19048
86	80	1.19048
86	82	1.19048
86	84	1.19048
86	86	1.19048
86	88	1.19048
86	90	1.19048
86	92	1.19048
86	94	1.19048
86	96	1.19048
86	98	1.19048
86	100	1.19048
86	102	1.19048
86	104	1.19048
86	106	1.19048
86	108	1.19048
86	110	1.19048
86	112	1.19048
86	114	1.19048
86	116	1.19048
86	118	1.19048
86	120	1.19048
86	122	1.19048
86	124	1.19048
86	126	1.19048
86	128	1.19048
86	130	1.19048
86	132	1.19048
86	134	1.19048
86	136	1.19048
86	138	1.19048
86	140	1.19048
86	142	1.19048
86	144	1.19048
86	146	1.19048
86	148	1.19048
86	150	1.19048
86	152	1.19048
86	154	1.19048
86	156	1.19048
86	158	1.19048
86	160	1.19048
86	162	1.19048
86	164	1.19048
86	166	1.19048
86	168	1.19048
86	170	1.19048
86	172	1.19048
86	174	1.19048
86	176	1.19048
86	178	1.19048
86	180	1.19048
86	182	1.19048
86	184	1.19048
86	186	1.19048
86	188	1.19048
86	190	1.19073
86	192	1.19709
86	194	1.32138
88	2	1.32139
88	4	1.1971
88	6	1.19073
88	8	1.19049
88	10	1.19048
88	12	1.19048
88	14	1.19048
88	16	1.19048
88	18	1.19048
88	20	1.19048
88	22	1.19048
88	24	1.19048
88	26	1.19048
88	28	1.19048
88	30	1.19048
88	32	1.19048
88	34	1.19048
88	36	1.19048
88	38	1.19048
88	40	1.19048
88	42	1.19048
88	44	1.19048
88	46	1.19048
88	48	1.19048
88	50	1.19048
88	52	1.19048
88	54	1.19048
88	56	1.19048
88	58	1.19048
88	60	1.19048
88	62	1.19048
88	64	1.19048
88	66	1.19048
88	68	1.19048
88	70	1.19048
88	72	1.19048
88	74	1.19048
88	76	1.19048
88	78	1.19048
88	80	1.19048
88	82	1.19048
88	84	1.19048
88	86	1.19048
88	88	1.19048
88	90	1.19048
88	92	1.19048
88	94	1.19048
88	96	1.19048
88	98	1.19048
88	100	1.19048
88	102	1.19048
88	104	1.19048
88	106	1.19048
88	108	1.19048
88	110	1.19048
88	112	1.19048
88	114	1.19048
88	116	1.19048
88	118	1.19048
88	120	1.19048
88	122	1.19048
88	124	1.19048
88	126	1.19048
88	128	1.19048
88	130	1.19048
88	132	1.19048
88	134	1.19048
88	136	1.19048
88	138	1.19048
88	140	1.19048
88	142	1.19048
88	144	1.19048
88	146	1.19048
88	148	1.19048
88	150	1.19048
88	152	1.19048
88	154	1.19048
88	156	1.19048
88	158	1.19048
88	160	1.19048
88	162	1.19048
88	164	1.19048
88	166	1.19048
88	168	1.19048
88	170	1.19048
88	172	1.19048
88	174	1.19048
88	176	1.19048
88	178	1.19048
88	180	1.19048
88	182	1.19048
88	184	1.19048
88	186	1.19048
88	188	1.19049
88	190	1.19073
88	192	1.1971
88	194	1.32139
90	2	1.32165
90	4	1.19734
90	6	1.19097
90	8	1.19073
90	10	1.19073
90	12	1.19073
90	14	1.19073
90	16	1.19073
90	18	1.19073
90	20	1.19073
90	22	1.19073
90	24	1.19073
90	26	1.19073
90	28	1.19073
90	30	1.19073
90	32	1.19073
90	34	1.19073
90	36	1.19073
90	38	1.19073
90	40	1.19073
90	42	1.19073
90	44	1.19073
90	46	1.19073
90	48	1.19073
90	50	1.19073
90	52	1.19073
90	54	1.19073
90	56	1.19073
90	58	1.19073
90	60	1.19073
90	62	1.19073
90	64	1.19073
90	66	1.19073
90	68	1.19073
90	70	1.19073
90	72	1.19073
90	74	1.19073
90	76	1.19073
90	78	1.19073
90	80	1.19073
90	82	1.19073
90	84	1.19073
90	86	1.19073
90	88	1.19073
90	90	1.19073
90	92	1.19073
90	94	1.19073
90	96	1.19073
90	98	1.19073
90	100	1.19073
90	102	1.19073
90	104	1.19073
90	106	1.19073
90	108	1.19073
90	110	1.19073
90	112	1.19073
90	114	1.19073
90	116	1.19073
90	118	1.19073
90	120	1.19073
90	122	1.19073
90	124	1.19073
90	126	1.19073
90	128	1.19073
90	130	1.19073
90	132	1.19073
90	134	1.19073
90	136	1.19073
90	138	1.19073
90	140	1.19073
90	142	1.19073
90	144	1.19073
90	146	1.19073
90	148	1.19073
90	150	1.19073
90	152	1.19073
90	154	1.19073
90	156	1.19073
90	158	1.19073
90	160	1.19073
90	162	1.19073
90	164	1.19073
90	166	1.19073
90	168	1.19073
90	170	1.19073
90	172	1.19073
90	174	1.19073
90	176	1.19073
90	178	1.19073
90	180	1.19073
90	182	1.19073
90	184	1.19073
90	186	1.19073
90	188	1.19073
90	190	1.19097
90	192	1.19734
90	194	1.32165
92	2	1.32868
92	4	1.20374
92	6	1.19734
92	8	1.1971
92	10	1.19709
92	12	1.19709
92	14	1.19709
92	16	1.19709
92	18	1.19709
92	20	1.19709
92	22	1.19709
92	24	1.19709
92	26	1.19709
92	28	1.19709
92	30	1.19709
92	32	1.19709
92	34	1.19709
92	36	1.19709
92	38	1.19709
92	40	1.19709
92	42	1.19709
92	44	1.19709
92	46	1.19709
92	48	1.19709
92	50	1.19709
92	52	1.19709
92	54	1.19709
92	56	1.19709
92	58	1.19709
92	60	1.19709
92	62	1.19709
92	64	1.19709
92	66	1.19709
92	68	1.19709
92	70	1.19709
92	72	1.19709
92	74	1.19709
92	76	1.19709
92	78	1.19709
92	80	1.19709
92	82	1.19709
92	84	1.19709
92	86	1.19709
92	88	1.19709
92	90	1.19709
92	92	1.19709
92	94	1.19709
92	96	1.19709
92	98	1.19709
92	100	1.19709
92	102	1.19709
92	104	1.19709
92	106	1.19709
92	108	1.19709
92	110	1.19709
92	112	1.19709
92	114	1.19709
92	116	1.19709
92	118	1.19709
92	120	1.19709
92	122	1.19709
92	124	1.19709
92	126	1.19709
92	128	1.19709
92	130	1.19709
92	132	1.19709
92	134	1.19709
92	136	1.19709
92	138	1.19709
92	140	1.19709
92	142	1.19709
92	144	1.19709
92	146	1.19709
92	148	1.19709
92	150	1.19709
92	152	1.19709
92	154	1.19709
92	156	1.19709
92	158	1.19709
92	160	1.19709
92	162	1.19709
92	164	1.19709
92	166	1.19709
92	168	1.19709
92	170	1.19709
92	172	1.19709
92	174	1.19709
92	176	1.19709
92	178	1.19709
92	180	1.19709
92	182	1.19709
92	184	1.19709
92	186	1.19709
92	188	1.1971
92	190	1.19734
92	192	1.20374
92	194	1.32868
94	2	1.46582
94	4	1.32868
94	6	1.32165
94	8	1.32139
94	10	1.32138
94	12	1.32138
94	14	1.32138
94	16	1.32138
94	18	1.32138
94	20	1.32138
94	22	1.32138
94	24	1.32138
94	26	1.32138
94	28	1.32138
94	30	1.32138
94	32	1.32138
94	34	1.32138
94	36	1.32138
94	38	1.32138
94	40	1.32138
94	42	1.32138
94	44	1.32138
94	46	1.32138
94	48	1.32138
94	50	1.32138
94	52	1.32138
94	54	1.32138
94	56	1.32138
94	58	1.32138
94	60	1.32138
94	62	1.32138
94	64	1.32138
94	66	1.32138
94	68	1.32138
94	70	1.32138
94	72	1.32138
94	74	1.32138
94	76	1.32138
94	78	1.32138
94	80	1.32138
94	82	1.32138
94	84	1.32138
94	86	1.32138
94	88	1.32138
94	90	1.32138
94	92	1.32138
94	94	1.32138
94	96	1.32138
94	98	1.32138
94	100	1.32138
94	102	1.32138
94	104	1.32138
94	106	1.32138
94	108	1.32138
94	110	1.32138
94	112	1.32138
94	114	1.32138
94	116	1.32138
94	118	1.32138
94	120	1.32138
94	122	1.32138
94	124	1.32138
94	126	1.32138
94	128	1.32138
94	130	1.32138
94	132	1.32138
94	134	1.32138
94	136	1.32138
94	138	1.32138
94	140	1.32138
94	142	1.32138
94	144	1.32138
94	146	1.32138
94	148	1.32138
94	150	1.32138
94	152	1.32138
94	154	1.32138
94	156	1.32138
94	158	1.32138
94	160	1.32138
94	162	1.32138
94	164	1.32138
94	166	1.32138
94	168	1.32138
94	170	1.32138
94	172	1.32138
94	174	1.32138
94	176	1.32138
94	178	1.32138
94	180	1.32138
94	182	1.32138
94	184	1.32138
94	186	1.32138
94	188	1.32139
94	190	1.32165
94	192	1.32868
94	194	1.46582
